410 639
0 50 -584
0 51 -641
0 52 -662
0 53 -688
1 54 -386
1 55 -647
1 56 -677
1 57 -684
1 58 -659
2 59 -641
2 60 -697
2 61 -667
2 62 -699
3 63 -623
3 64 -707
3 65 -699
3 66 -680
4 67 -610
4 68 -678
4 66 -680
4 64 -707
4 69 -684
5 70 -435
5 71 -709
5 62 -699
5 72 -714
6 73 -667
6 72 -764
6 71 -759
6 74 -767
7 75 -456
7 76 -331
7 77 -512
7 78 -486
7 79 -540
8 80 -664
8 81 -712
8 82 -738
8 83 -743
9 84 -692
9 82 -738
9 74 -767
9 72 -764
9 85 -743
10 86 -665
10 87 -766
10 88 -713
10 89 -733
10 90 -715
11 91 -466
11 79 -540
11 92 -521
11 77 -512
12 93 -497
12 92 -521
12 94 -555
12 95 -545
13 96 -533
13 94 -555
13 97 -592
13 98 -580
14 99 -572
14 97 -592
14 100 -636
14 101 -620
15 102 -600
15 100 -636
15 103 -717
15 104 -670
16 105 -620
16 103 -717
16 83 -743
16 81 -712
16 106 -684
17 107 -515
17 85 -743
17 108 -740
17 74 -767
17 109 -736
18 110 -466
18 108 -740
18 90 -715
18 87 -716
19 111 -409
19 106 -684
19 103 -717
19 112 -654
20 113 -683
20 114 -758
20 109 -786
20 85 -743
20 115 -757
21 116 -627
21 112 -704
21 117 -680
21 106 -684
21 118 -653
22 119 -480
22 115 -707
22 109 -736
22 120 -708
23 121 -600
23 122 -613
23 118 -653
23 112 -704
23 123 -628
24 124 -627
24 118 -653
24 125 -679
24 117 -680
24 126 -655
25 127 -654
25 125 -679
25 120 -708
25 115 -757
25 128 -733
26 129 -647
26 120 -708
26 130 -720
26 131 -678
27 132 -3
27 133 -3
27 134 -3
27 135 -1
28 136 -445
28 137 -470
28 138 -501
28 139 -492
28 140 -470
29 141 -517
29 142 -537
29 143 -579
29 144 -566
29 145 -537
30 146 -562
30 143 -579
30 123 -628
30 122 -613
31 147 -458
31 128 -733
31 131 -678
31 120 -708
31 148 -680
32 149 -422
32 131 -678
32 150 -699
32 130 -670
32 151 -689
33 134 -3
33 152 -3
33 132 -3
33 153 -3
33 154 -2
34 155 -426
34 148 -680
34 128 -733
34 156 -701
35 157 -3
35 158 -3
35 159 -3
35 160 -3
35 161 -2
36 162 -3
36 163 -3
36 164 -2
37 165 -5
37 166 -10
37 167 -5
37 168 -5
37 169 -2
38 170 -3
38 171 -3
38 172 -3
38 173 -3
38 174 -2
39 175 -3
39 168 -3
39 165 -3
39 176 -3
39 177 -2
40 178 -3
40 179 -3
40 180 -2
41 181 -3
41 182 -3
41 183 -3
41 184 -2
42 185 -3
42 186 -3
42 187 -2
43 188 -416
43 189 -442
43 190 -463
43 191 -470
43 192 -442
44 186 -3
44 193 -3
44 194 -2
45 195 -3
45 192 -3
45 189 -3
45 196 -3
45 197 -2
46 193 -3
46 198 -2
47 193 -3
47 199 -3
47 186 -3
47 200 -2
48 201 -3
48 196 -3
48 195 -3
48 202 -2
49 203 -240
49 196 -418
49 204 -436
49 192 -442
205 255 -584
205 256 -641
205 257 -662
205 258 -688
206 259 -386
206 260 -647
206 261 -677
206 262 -684
206 263 -659
207 264 -641
207 265 -697
207 266 -667
207 267 -699
208 268 -623
208 269 -707
208 270 -699
208 271 -680
209 272 -610
209 273 -678
209 271 -680
209 269 -707
209 274 -684
210 275 -435
210 276 -709
210 267 -699
210 277 -714
211 278 -667
211 277 -764
211 276 -759
211 279 -767
212 280 -456
212 281 -331
212 282 -512
212 283 -486
212 284 -540
213 285 -664
213 286 -712
213 287 -738
213 288 -743
214 289 -692
214 287 -738
214 279 -767
214 277 -764
214 290 -743
215 291 -665
215 292 -766
215 293 -713
215 294 -733
215 295 -715
216 296 -466
216 284 -540
216 297 -521
216 282 -512
217 298 -497
217 297 -521
217 299 -555
217 300 -545
218 301 -533
218 299 -555
218 302 -592
218 303 -580
219 304 -572
219 302 -592
219 305 -636
219 306 -620
220 307 -600
220 305 -636
220 308 -717
220 309 -670
221 310 -620
221 308 -717
221 288 -743
221 286 -712
221 311 -684
222 312 -515
222 290 -743
222 313 -740
222 279 -767
222 314 -736
223 315 -466
223 313 -740
223 295 -715
223 292 -716
224 316 -409
224 311 -684
224 308 -717
224 317 -654
225 318 -683
225 319 -758
225 314 -786
225 290 -743
225 320 -757
226 321 -627
226 317 -704
226 322 -680
226 311 -684
226 323 -653
227 324 -480
227 320 -707
227 314 -736
227 325 -708
228 326 -600
228 327 -613
228 323 -653
228 317 -704
228 328 -628
229 329 -627
229 323 -653
229 330 -679
229 322 -680
229 331 -655
230 332 -654
230 330 -679
230 325 -708
230 320 -757
230 333 -733
231 334 -647
231 325 -708
231 335 -720
231 336 -678
232 337 -3
232 338 -3
232 339 -3
232 340 -1
233 341 -445
233 342 -470
233 343 -501
233 344 -492
233 345 -470
234 346 -517
234 347 -537
234 348 -579
234 349 -566
234 350 -537
235 351 -562
235 348 -579
235 328 -628
235 327 -613
236 352 -458
236 333 -733
236 336 -678
236 325 -708
236 353 -680
237 354 -422
237 336 -678
237 355 -699
237 335 -670
237 356 -689
238 339 -3
238 357 -3
238 337 -3
238 358 -3
238 359 -2
239 360 -426
239 353 -680
239 333 -733
239 361 -701
240 362 -3
240 363 -3
240 364 -3
240 365 -3
240 366 -2
241 367 -3
241 368 -3
241 369 -2
242 370 -5
242 371 -10
242 372 -5
242 373 -5
242 374 -2
243 375 -3
243 376 -3
243 377 -3
243 378 -3
243 379 -2
244 380 -3
244 373 -3
244 370 -3
244 381 -3
244 382 -2
245 383 -3
245 384 -3
245 385 -2
246 386 -3
246 387 -3
246 388 -3
246 389 -2
247 390 -3
247 391 -3
247 392 -2
248 393 -416
248 394 -442
248 395 -463
248 396 -470
248 397 -442
249 391 -3
249 398 -3
249 399 -2
250 400 -3
250 397 -3
250 394 -3
250 401 -3
250 402 -2
251 398 -3
251 403 -2
252 398 -3
252 404 -3
252 391 -3
252 405 -2
253 406 -3
253 401 -3
253 400 -3
253 407 -2
254 408 -240
254 401 -418
254 409 -436
254 397 -442
0 205 0
1 206 0
2 207 0
3 208 0
4 209 0
5 210 0
6 211 0
7 212 0
8 213 0
9 214 0
10 215 0
11 216 0
12 217 0
13 218 0
14 219 0
15 220 0
16 221 0
17 222 0
18 223 0
19 224 0
20 225 0
21 226 0
22 227 0
23 228 0
24 229 0
25 230 0
26 231 0
27 232 0
28 233 0
29 234 0
30 235 0
31 236 0
32 237 0
33 238 0
34 239 0
35 240 0
36 241 0
37 242 0
38 243 0
39 244 0
40 245 0
41 246 0
42 247 0
43 248 0
44 249 0
45 250 0
46 251 0
47 252 0
48 253 0
49 254 0
50 255 0
51 256 0
52 257 0
53 258 0
54 259 0
55 260 0
56 261 0
57 262 0
58 263 0
59 264 0
60 265 0
61 266 0
62 267 0
63 268 0
64 269 0
65 270 0
66 271 0
67 272 0
68 273 0
69 274 0
70 275 0
71 276 0
72 277 0
73 278 0
74 279 0
75 280 0
76 281 0
77 282 0
78 283 0
79 284 0
80 285 0
81 286 0
82 287 0
83 288 0
84 289 0
85 290 0
86 291 0
87 292 0
88 293 0
89 294 0
90 295 0
91 296 0
92 297 0
93 298 0
94 299 0
95 300 0
96 301 0
97 302 0
98 303 0
99 304 0
100 305 0
101 306 0
102 307 0
103 308 0
104 309 0
105 310 0
106 311 0
107 312 0
108 313 0
109 314 0
110 315 0
111 316 0
112 317 0
113 318 0
114 319 0
115 320 0
116 321 0
117 322 0
118 323 0
119 324 0
120 325 0
121 326 0
122 327 0
123 328 0
124 329 0
125 330 0
126 331 0
127 332 0
128 333 0
129 334 0
130 335 0
131 336 0
132 337 0
133 338 0
134 339 0
135 340 0
136 341 0
137 342 0
138 343 0
139 344 0
140 345 0
141 346 0
142 347 0
143 348 0
144 349 0
145 350 0
146 351 0
147 352 0
148 353 0
149 354 0
150 355 0
151 356 0
152 357 0
153 358 0
154 359 0
155 360 0
156 361 0
157 362 0
158 363 0
159 364 0
160 365 0
161 366 0
162 367 0
163 368 0
164 369 0
165 370 0
166 371 0
167 372 0
168 373 0
169 374 0
170 375 0
171 376 0
172 377 0
173 378 0
174 379 0
175 380 0
176 381 0
177 382 0
178 383 0
179 384 0
180 385 0
181 386 0
182 387 0
183 388 0
184 389 0
185 390 0
186 391 0
187 392 0
188 393 0
189 394 0
190 395 0
191 396 0
192 397 0
193 398 0
194 399 0
195 400 0
196 401 0
197 402 0
198 403 0
199 404 0
200 405 0
201 406 0
202 407 0
203 408 0
204 409 0
