482 741
0 52 -73
0 53 -267
0 54 -273
0 55 -268
0 56 -278
1 57 -182
1 58 -228
1 59 -234
1 60 -77
1 61 -236
2 62 -233
2 63 -276
2 64 -281
2 56 -278
2 65 -286
3 66 -197
3 67 -241
3 68 -250
3 69 -241
3 70 -253
4 71 -239
4 72 -283
4 73 -287
4 65 -286
4 74 -294
5 75 -235
5 76 -287
5 77 -482
5 78 -282
5 79 -486
6 80 -203
6 81 -247
6 82 -159
6 83 -247
6 84 -259
7 82 -209
7 80 -153
7 85 -263
7 70 -253
7 86 -266
8 87 -253
8 88 -298
8 89 -298
8 90 -298
8 91 -309
9 92 -223
9 93 -266
9 94 -277
9 86 -266
9 95 -281
10 96 -274
10 97 -318
10 98 -316
10 99 -333
11 100 -47
11 101 -242
11 102 -252
11 103 -247
11 104 -245
12 105 -205
12 102 -252
12 106 -258
12 107 -253
12 108 -253
13 109 -213
13 106 -258
13 110 -267
13 111 -260
13 112 -262
14 113 -220
14 110 -267
14 114 -275
14 115 -267
14 116 -270
15 117 -235
15 118 -280
15 119 -292
15 120 -280
15 121 -287
16 122 -249
16 119 -292
16 123 -305
16 124 -290
16 125 -201
17 126 -269
17 127 -311
17 128 -227
17 129 -222
18 128 -277
18 126 -219
18 99 -333
18 97 -318
18 130 -331
19 131 -256
19 132 -314
19 133 -299
19 134 -299
19 135 -309
20 136 -237
20 137 -293
20 138 -283
20 139 -283
20 140 -288
21 141 -228
21 138 -283
21 142 -273
21 143 -274
21 144 -278
22 145 -61
22 146 -267
22 147 -254
22 148 -259
22 149 -260
23 125 -251
23 150 -293
23 151 -307
23 122 -199
23 152 -304
24 153 -264
24 151 -307
24 129 -222
24 127 -311
24 154 -318
25 129 -272
25 153 -214
25 130 -331
25 126 -219
25 155 -327
26 156 -287
26 130 -331
26 157 -227
26 99 -333
26 158 -343
27 157 -277
27 156 -237
27 159 -217
27 160 -323
28 159 -267
28 157 -227
28 135 -309
28 132 -314
29 161 -287
29 155 -327
29 158 -343
29 130 -331
29 162 -343
30 163 -258
30 164 -215
30 152 -304
30 165 -313
31 164 -265
31 163 -208
31 166 -323
31 167 -311
31 168 -320
32 169 -300
32 162 -343
32 158 -343
32 170 -559
33 171 -279
33 168 -320
33 172 -240
33 166 -323
33 173 -536
34 172 -290
34 171 -229
34 174 -352
34 175 -333
34 176 -547
35 177 -185
35 178 -79
35 179 -240
35 180 -232
35 181 -229
36 182 -197
36 179 -240
36 183 -253
36 184 -244
36 185 -240
37 186 -210
37 183 -253
37 187 -268
37 188 -257
37 189 -253
38 190 -227
38 187 -268
38 191 -286
38 192 -273
38 193 -268
39 194 -268
39 195 -306
39 196 -526
39 165 -313
39 197 -507
40 198 -288
40 176 -547
40 199 -568
40 174 -352
40 200 -531
41 201 -173
41 202 -370
41 203 -554
41 204 -558
41 205 -562
42 206 -265
42 197 -507
42 196 -526
42 207 -304
43 208 -289
43 200 -531
43 199 -568
43 209 -551
44 210 -244
44 211 -288
44 207 -304
44 212 -286
45 213 -292
45 214 -536
45 215 -532
45 209 -551
45 216 -535
46 217 -230
46 218 -273
46 212 -286
46 211 -288
46 219 -273
47 220 -216
47 221 -260
47 222 -270
47 219 -273
47 223 -260
48 224 -204
48 225 -249
48 226 -258
48 223 -260
48 227 -249
49 228 -250
49 229 -505
49 230 -496
49 231 -508
49 232 -292
50 233 -192
50 234 -238
50 235 -245
50 227 -249
50 236 -85
51 237 -228
51 238 -483
51 239 -475
51 240 -485
241 293 -73
241 294 -267
241 295 -273
241 296 -268
241 297 -278
242 298 -182
242 299 -228
242 300 -234
242 301 -77
242 302 -236
243 303 -233
243 304 -276
243 305 -281
243 297 -278
243 306 -286
244 307 -197
244 308 -241
244 309 -250
244 310 -241
244 311 -253
245 312 -239
245 313 -283
245 314 -287
245 306 -286
245 315 -294
246 316 -235
246 317 -287
246 318 -482
246 319 -282
246 320 -486
247 321 -203
247 322 -247
247 323 -159
247 324 -247
247 325 -259
248 323 -209
248 321 -153
248 326 -263
248 311 -253
248 327 -266
249 328 -253
249 329 -298
249 330 -298
249 331 -298
249 332 -309
250 333 -223
250 334 -266
250 335 -277
250 327 -266
250 336 -281
251 337 -274
251 338 -318
251 339 -316
251 340 -333
252 341 -47
252 342 -242
252 343 -252
252 344 -247
252 345 -245
253 346 -205
253 343 -252
253 347 -258
253 348 -253
253 349 -253
254 350 -213
254 347 -258
254 351 -267
254 352 -260
254 353 -262
255 354 -220
255 351 -267
255 355 -275
255 356 -267
255 357 -270
256 358 -235
256 359 -280
256 360 -292
256 361 -280
256 362 -287
257 363 -249
257 360 -292
257 364 -305
257 365 -290
257 366 -201
258 367 -269
258 368 -311
258 369 -227
258 370 -222
259 369 -277
259 367 -219
259 340 -333
259 338 -318
259 371 -331
260 372 -256
260 373 -314
260 374 -299
260 375 -299
260 376 -309
261 377 -237
261 378 -293
261 379 -283
261 380 -283
261 381 -288
262 382 -228
262 379 -283
262 383 -273
262 384 -274
262 385 -278
263 386 -61
263 387 -267
263 388 -254
263 389 -259
263 390 -260
264 366 -251
264 391 -293
264 392 -307
264 363 -199
264 393 -304
265 394 -264
265 392 -307
265 370 -222
265 368 -311
265 395 -318
266 370 -272
266 394 -214
266 371 -331
266 367 -219
266 396 -327
267 397 -287
267 371 -331
267 398 -227
267 340 -333
267 399 -343
268 398 -277
268 397 -237
268 400 -217
268 401 -323
269 400 -267
269 398 -227
269 376 -309
269 373 -314
270 402 -287
270 396 -327
270 399 -343
270 371 -331
270 403 -343
271 404 -258
271 405 -215
271 393 -304
271 406 -313
272 405 -265
272 404 -208
272 407 -323
272 408 -311
272 409 -320
273 410 -300
273 403 -343
273 399 -343
273 411 -559
274 412 -279
274 409 -320
274 413 -240
274 407 -323
274 414 -536
275 413 -290
275 412 -229
275 415 -352
275 416 -333
275 417 -547
276 418 -185
276 419 -79
276 420 -240
276 421 -232
276 422 -229
277 423 -197
277 420 -240
277 424 -253
277 425 -244
277 426 -240
278 427 -210
278 424 -253
278 428 -268
278 429 -257
278 430 -253
279 431 -227
279 428 -268
279 432 -286
279 433 -273
279 434 -268
280 435 -268
280 436 -306
280 437 -526
280 406 -313
280 438 -507
281 439 -288
281 417 -547
281 440 -568
281 415 -352
281 441 -531
282 442 -173
282 443 -370
282 444 -554
282 445 -558
282 446 -562
283 447 -265
283 438 -507
283 437 -526
283 448 -304
284 449 -289
284 441 -531
284 440 -568
284 450 -551
285 451 -244
285 452 -288
285 448 -304
285 453 -286
286 454 -292
286 455 -536
286 456 -532
286 450 -551
286 457 -535
287 458 -230
287 459 -273
287 453 -286
287 452 -288
287 460 -273
288 461 -216
288 462 -260
288 463 -270
288 460 -273
288 464 -260
289 465 -204
289 466 -249
289 467 -258
289 464 -260
289 468 -249
290 469 -250
290 470 -505
290 471 -496
290 472 -508
290 473 -292
291 474 -192
291 475 -238
291 476 -245
291 468 -249
291 477 -85
292 478 -228
292 479 -483
292 480 -475
292 481 -485
0 241 0
1 242 0
2 243 0
3 244 0
4 245 0
5 246 0
6 247 0
7 248 0
8 249 0
9 250 0
10 251 0
11 252 0
12 253 0
13 254 0
14 255 0
15 256 0
16 257 0
17 258 0
18 259 0
19 260 0
20 261 0
21 262 0
22 263 0
23 264 0
24 265 0
25 266 0
26 267 0
27 268 0
28 269 0
29 270 0
30 271 0
31 272 0
32 273 0
33 274 0
34 275 0
35 276 0
36 277 0
37 278 0
38 279 0
39 280 0
40 281 0
41 282 0
42 283 0
43 284 0
44 285 0
45 286 0
46 287 0
47 288 0
48 289 0
49 290 0
50 291 0
51 292 0
52 293 0
53 294 0
54 295 0
55 296 0
56 297 0
57 298 0
58 299 0
59 300 0
60 301 0
61 302 0
62 303 0
63 304 0
64 305 0
65 306 0
66 307 0
67 308 0
68 309 0
69 310 0
70 311 0
71 312 0
72 313 0
73 314 0
74 315 0
75 316 0
76 317 0
77 318 0
78 319 0
79 320 0
80 321 0
81 322 0
82 323 0
83 324 0
84 325 0
85 326 0
86 327 0
87 328 0
88 329 0
89 330 0
90 331 0
91 332 0
92 333 0
93 334 0
94 335 0
95 336 0
96 337 0
97 338 0
98 339 0
99 340 0
100 341 0
101 342 0
102 343 0
103 344 0
104 345 0
105 346 0
106 347 0
107 348 0
108 349 0
109 350 0
110 351 0
111 352 0
112 353 0
113 354 0
114 355 0
115 356 0
116 357 0
117 358 0
118 359 0
119 360 0
120 361 0
121 362 0
122 363 0
123 364 0
124 365 0
125 366 0
126 367 0
127 368 0
128 369 0
129 370 0
130 371 0
131 372 0
132 373 0
133 374 0
134 375 0
135 376 0
136 377 0
137 378 0
138 379 0
139 380 0
140 381 0
141 382 0
142 383 0
143 384 0
144 385 0
145 386 0
146 387 0
147 388 0
148 389 0
149 390 0
150 391 0
151 392 0
152 393 0
153 394 0
154 395 0
155 396 0
156 397 0
157 398 0
158 399 0
159 400 0
160 401 0
161 402 0
162 403 0
163 404 0
164 405 0
165 406 0
166 407 0
167 408 0
168 409 0
169 410 0
170 411 0
171 412 0
172 413 0
173 414 0
174 415 0
175 416 0
176 417 0
177 418 0
178 419 0
179 420 0
180 421 0
181 422 0
182 423 0
183 424 0
184 425 0
185 426 0
186 427 0
187 428 0
188 429 0
189 430 0
190 431 0
191 432 0
192 433 0
193 434 0
194 435 0
195 436 0
196 437 0
197 438 0
198 439 0
199 440 0
200 441 0
201 442 0
202 443 0
203 444 0
204 445 0
205 446 0
206 447 0
207 448 0
208 449 0
209 450 0
210 451 0
211 452 0
212 453 0
213 454 0
214 455 0
215 456 0
216 457 0
217 458 0
218 459 0
219 460 0
220 461 0
221 462 0
222 463 0
223 464 0
224 465 0
225 466 0
226 467 0
227 468 0
228 469 0
229 470 0
230 471 0
231 472 0
232 473 0
233 474 0
234 475 0
235 476 0
236 477 0
237 478 0
238 479 0
239 480 0
240 481 0
