1022 1959
0 168 -1
0 169 -10
1 170 -1
1 169 -10
1 171 -10
2 172 -1
2 171 -10
2 173 -10
3 174 -1
3 171 -10
3 169 -10
3 175 -10
4 176 -1
4 173 -10
4 177 -10
5 178 -1
5 173 -10
5 175 -10
5 171 -10
5 179 -10
6 180 -1
6 177 -10
6 181 -10
7 182 -1
7 177 -10
7 179 -10
7 173 -10
7 183 -10
8 184 -1
8 185 -10
8 186 -10
8 187 -10
9 188 -1
9 185 -10
9 189 -10
9 190 -10
9 191 -10
10 192 -1
10 181 -10
10 193 -10
11 194 -1
11 181 -10
11 183 -10
11 177 -10
11 195 -10
12 196 -1
12 183 -10
12 197 -10
12 179 -10
12 198 -10
13 199 -1
13 200 -10
13 201 -10
13 202 -10
13 203 -10
14 204 -1
14 187 -10
14 191 -10
14 185 -10
14 205 -10
15 206 -1
15 191 -10
15 207 -10
15 189 -10
15 208 -10
16 209 -1
16 193 -10
16 210 -10
17 211 -1
17 193 -10
17 195 -10
17 181 -10
17 212 -10
18 213 -1
18 195 -10
18 198 -10
18 183 -10
18 214 -10
19 215 -1
19 203 -10
19 216 -10
19 201 -10
19 217 -10
20 218 -1
20 216 -10
20 219 -10
20 220 -10
20 221 -10
21 222 -1
21 205 -10
21 187 -10
21 223 -10
22 224 -1
22 210 -10
22 225 -10
23 226 -1
23 210 -10
23 212 -10
23 193 -10
23 227 -10
24 228 -1
24 212 -10
24 214 -10
24 195 -10
24 229 -10
25 230 -1
25 214 -10
25 231 -10
25 198 -10
25 232 -10
26 233 -1
26 217 -10
26 221 -10
26 216 -10
26 234 -10
27 235 -1
27 221 -10
27 219 -10
27 236 -10
28 237 -1
28 223 -10
28 238 -10
28 205 -10
28 239 -10
29 240 -1
29 238 -10
29 208 -10
30 241 -1
30 225 -10
30 242 -10
31 243 -1
31 225 -10
31 227 -10
31 210 -10
31 244 -10
32 245 -1
32 227 -10
32 229 -10
32 212 -10
32 246 -10
33 247 -1
33 229 -10
33 232 -10
33 214 -10
33 248 -10
34 249 -1
34 232 -10
34 231 -10
34 250 -10
35 251 -1
35 252 -10
35 253 -10
35 254 -10
36 255 -1
36 252 -10
36 256 -10
36 257 -10
36 258 -10
37 259 -1
37 260 -10
37 261 -10
37 262 -10
37 263 -10
38 264 -1
38 234 -10
38 236 -10
38 221 -10
38 265 -10
39 266 -1
39 239 -10
39 223 -10
39 267 -10
40 268 -1
40 242 -10
40 269 -10
41 270 -1
41 242 -10
41 244 -10
41 225 -10
41 271 -10
42 272 -1
42 244 -10
42 246 -10
42 227 -10
42 273 -10
43 274 -1
43 246 -10
43 248 -10
43 229 -10
43 275 0
44 276 -1
44 248 -10
44 250 -10
44 232 -10
44 277 0
45 278 -1
45 254 -10
45 258 -10
45 252 -10
46 279 -1
46 258 -10
46 280 -10
46 256 -10
46 281 -10
47 282 -1
47 280 -10
47 263 -10
47 260 -10
47 283 -10
48 284 -1
48 263 -10
48 285 -10
48 261 -10
48 286 -10
49 287 -1
49 285 -10
49 288 -10
49 289 -10
49 290 -10
50 291 -1
50 265 -10
50 236 -10
50 292 -10
51 293 -1
51 267 -10
51 239 -10
51 294 -10
52 295 -1
52 269 -10
52 296 -10
53 297 -1
53 269 -10
53 271 -10
53 242 -10
53 298 -10
54 299 -1
54 271 -10
54 273 -10
54 244 -10
54 300 -10
55 301 -1
55 273 -10
55 275 -10
55 246 -10
55 302 0
56 275 -1
56 301 27
56 303 4
56 274 0
56 304 0
57 303 -1
57 275 -10
57 277 2
57 248 0
57 305 0
58 277 -1
58 303 0
58 306 -982242440
58 276 32678
59 306 -1
59 277 -10
59 250 -982242440
59 307 32678
60 308 -1
60 254 -10
60 309 -10
61 310 -1
61 281 -10
61 258 -10
61 311 -10
62 312 -1
62 281 -10
62 283 -10
62 280 -10
62 313 -10
63 314 -1
63 283 -10
63 286 -10
63 263 -10
63 315 -10
64 316 -1
64 286 -10
64 290 -10
64 285 -10
64 317 -10
65 318 -1
65 290 -10
65 319 -10
65 288 -10
65 320 -10
66 321 -1
66 319 -10
66 292 -10
66 265 -10
66 322 -10
67 323 -1
67 292 -10
67 324 -10
67 325 -10
68 326 -1
68 324 -10
68 294 -10
68 267 -10
68 327 -10
69 328 -1
69 294 -10
69 296 -10
69 329 -10
70 330 -1
70 296 -10
70 298 -10
70 269 -10
70 331 -10
71 332 -1
71 298 -10
71 300 -10
71 271 -10
71 333 -10
72 334 -1
72 300 -10
72 302 -10
72 273 -10
72 335 -10
73 304 -1
73 302 -10
73 305 -10
73 275 32678
73 336 0
74 305 -1
74 304 0
74 303 -982242440
74 337 32678
75 305 -10
75 307 0
75 277 -982242440
75 338 32678
76 307 -1
76 306 0
76 339 -982242440
77 340 -1
77 309 -10
77 311 -10
78 341 -1
78 311 -10
78 313 -10
78 281 -10
79 342 -1
79 313 -10
79 315 -10
79 283 -10
80 343 -1
80 315 -10
80 317 -10
80 286 -10
81 344 -1
81 317 -10
81 320 -10
81 290 -10
82 345 -1
82 320 -10
82 322 -10
82 319 -10
83 346 -1
83 322 -10
83 325 -10
83 292 -10
83 347 -10
84 348 -1
84 325 -10
84 327 -10
84 324 -10
84 349 -10
85 350 -1
85 327 -10
85 329 -10
85 294 -10
85 351 -10
86 352 -1
86 329 -10
86 331 -10
86 296 -10
87 353 -1
87 331 -10
87 333 -10
87 298 -10
88 354 -1
88 333 -10
88 335 -10
88 300 -10
89 355 -1
89 335 -10
89 336 -10
89 302 -10
90 337 -1
90 336 -10
90 338 -10
90 305 32678
91 339 -1
91 338 -10
91 307 -982242440
92 356 -1
92 347 -10
92 322 -10
92 357 -10
93 358 -1
93 347 -10
93 349 -10
93 325 -10
93 359 -10
94 360 -1
94 349 -10
94 351 -10
94 327 -10
94 361 -10
95 362 -1
95 357 -10
95 359 -10
95 347 -10
95 363 -10
96 364 -1
96 359 -10
96 361 -10
96 349 -10
96 365 -10
97 366 -1
97 361 -10
97 351 -10
97 367 -10
98 368 -1
98 369 -10
98 370 -10
99 371 -1
99 369 -10
99 372 -10
99 373 -10
100 374 -1
100 372 -10
100 375 -10
100 376 -10
101 377 -1
101 375 -10
101 378 -10
101 379 -10
102 380 -1
102 378 -10
102 381 -10
102 382 -10
103 383 -1
103 381 -10
103 384 -10
103 385 -10
104 386 -1
104 384 -10
104 363 -10
104 357 -10
104 387 -10
105 388 -1
105 363 -10
105 365 -10
105 359 -10
105 389 -10
106 390 -1
106 365 -10
106 367 -10
106 361 -10
106 391 -10
107 370 -10
107 373 -10
107 369 -10
107 392 -10
108 393 -1
108 373 -10
108 376 -10
108 372 -10
108 394 -10
109 395 -1
109 376 -10
109 379 -10
109 375 -10
109 396 -10
110 397 -1
110 379 -10
110 382 -10
110 378 -10
110 398 -10
111 399 -1
111 382 -10
111 385 -10
111 381 -10
111 400 -10
112 401 -1
112 385 -10
112 387 -10
112 384 -10
113 402 -1
113 387 -10
113 389 -10
113 363 -10
113 403 -10
114 404 -1
114 389 -10
114 391 -10
114 365 -10
115 405 -1
115 391 -10
115 406 -10
115 367 -10
115 407 -10
116 408 -1
116 406 -10
116 409 -10
116 410 -10
116 411 -10
117 412 -1
117 392 -10
117 370 -10
117 413 -10
118 414 -1
118 392 -10
118 394 -10
118 373 -10
118 415 -10
119 416 -1
119 394 -10
119 396 -10
119 376 -10
119 417 -10
120 418 -1
120 396 -10
120 398 -10
120 379 -10
120 419 -10
121 420 -1
121 398 -10
121 400 -10
121 382 -10
121 421 -10
122 422 -1
122 400 -10
122 385 -10
123 423 -1
123 403 -10
123 387 -10
123 424 -10
124 425 -1
124 407 -10
124 391 -10
124 426 -10
125 427 -1
125 413 -10
125 415 -10
125 392 -10
125 428 -10
126 429 -1
126 415 -10
126 417 -10
126 394 -10
126 430 -10
127 431 -1
127 417 -10
127 419 -10
127 396 -10
127 432 -10
128 433 -1
128 419 -10
128 421 -10
128 398 -10
128 434 -10
129 435 -1
129 421 -10
129 400 -10
130 436 -1
130 424 -10
130 437 -10
131 438 -1
131 426 -10
131 439 -10
131 407 -10
131 440 -10
132 441 -1
132 428 -10
132 413 -10
132 442 -10
133 443 -1
133 428 -10
133 430 -10
133 415 -10
133 444 -10
134 445 -1
134 430 -10
134 432 -10
134 417 -10
134 446 -10
135 447 -1
135 432 -10
135 434 -10
135 419 -10
135 448 -10
136 449 -1
136 437 -10
136 450 -10
137 451 -1
137 440 -10
137 426 -10
137 452 -10
138 453 -1
138 440 -10
138 454 -10
138 439 -10
138 455 -10
139 456 -1
139 442 -10
139 444 -10
139 428 -10
139 457 -10
140 458 -1
140 444 -10
140 446 -10
140 430 -10
140 459 -10
141 460 -1
141 446 -10
141 448 -10
141 432 -10
141 461 -10
142 462 -1
142 448 -10
142 434 -10
143 463 -1
143 450 -10
143 464 -10
144 465 -1
144 452 -10
144 455 -10
144 440 -10
144 466 -10
145 467 -1
145 455 -10
145 468 -10
145 454 -10
145 469 -10
146 470 -1
146 457 -10
146 442 -10
146 471 -10
147 472 -1
147 457 -10
147 459 -10
147 444 -10
147 473 -10
148 474 -1
148 459 -10
148 461 -10
148 446 -10
148 475 -10
149 476 -1
149 464 -10
149 477 -10
150 478 -1
150 466 -10
150 452 -10
150 479 -10
151 480 -1
151 471 -10
151 473 -10
151 457 -10
151 481 -10
152 482 -1
152 473 -10
152 475 -10
152 459 -10
152 483 -10
153 484 -1
153 475 -10
153 461 -10
154 485 -1
154 477 -10
154 486 -10
155 487 -1
155 479 -10
155 488 -10
155 466 -10
155 489 -10
156 490 -1
156 481 -10
156 471 -10
156 491 -10
157 492 -1
157 481 -10
157 483 -10
157 473 -10
157 493 -10
158 494 -1
158 486 -10
158 495 -10
159 496 -1
159 491 -10
159 493 -10
159 481 -10
159 497 -10
160 498 -1
160 493 -10
160 483 -10
161 499 -1
161 495 -10
161 500 -10
162 501 -1
162 497 -10
162 491 -10
162 502 -10
163 503 -1
163 500 -10
163 504 -10
164 505 -1
164 502 -10
164 497 -10
165 506 -1
165 504 -10
165 507 -10
166 508 -1
166 507 -10
166 509 -10
167 510 -1
167 509 -10
511 679 -1
511 680 -10
512 681 -1
512 680 -10
512 682 -10
513 683 -1
513 682 -10
513 684 -10
514 685 -1
514 682 -10
514 680 -10
514 686 -10
515 687 -1
515 684 -10
515 688 -10
516 689 -1
516 684 -10
516 686 -10
516 682 -10
516 690 -10
517 691 -1
517 688 -10
517 692 -10
518 693 -1
518 688 -10
518 690 -10
518 684 -10
518 694 -10
519 695 -1
519 696 -10
519 697 -10
519 698 -10
520 699 -1
520 696 -10
520 700 -10
520 701 -10
520 702 -10
521 703 -1
521 692 -10
521 704 -10
522 705 -1
522 692 -10
522 694 -10
522 688 -10
522 706 -10
523 707 -1
523 694 -10
523 708 -10
523 690 -10
523 709 -10
524 710 -1
524 711 -10
524 712 -10
524 713 -10
524 714 -10
525 715 -1
525 698 -10
525 702 -10
525 696 -10
525 716 -10
526 717 -1
526 702 -10
526 718 -10
526 700 -10
526 719 -10
527 720 -1
527 704 -10
527 721 -10
528 722 -1
528 704 -10
528 706 -10
528 692 -10
528 723 -10
529 724 -1
529 706 -10
529 709 -10
529 694 -10
529 725 -10
530 726 -1
530 714 -10
530 727 -10
530 712 -10
530 728 -10
531 729 -1
531 727 -10
531 730 -10
531 731 -10
531 732 -10
532 733 -1
532 716 -10
532 698 -10
532 734 -10
533 735 -1
533 721 -10
533 736 -10
534 737 -1
534 721 -10
534 723 -10
534 704 -10
534 738 -10
535 739 -1
535 723 -10
535 725 -10
535 706 -10
535 740 -10
536 741 -1
536 725 -10
536 742 -10
536 709 -10
536 743 -10
537 744 -1
537 728 -10
537 732 -10
537 727 -10
537 745 -10
538 746 -1
538 732 -10
538 730 -10
538 747 -10
539 748 -1
539 734 -10
539 749 -10
539 716 -10
539 750 -10
540 751 -1
540 749 -10
540 719 -10
541 752 -1
541 736 -10
541 753 -10
542 754 -1
542 736 -10
542 738 -10
542 721 -10
542 755 -10
543 756 -1
543 738 -10
543 740 -10
543 723 -10
543 757 -10
544 758 -1
544 740 -10
544 743 -10
544 725 -10
544 759 -10
545 760 -1
545 743 -10
545 742 -10
545 761 -10
546 762 -1
546 763 -10
546 764 -10
546 765 -10
547 766 -1
547 763 -10
547 767 -10
547 768 -10
547 769 -10
548 770 -1
548 771 -10
548 772 -10
548 773 -10
548 774 -10
549 775 -1
549 745 -10
549 747 -10
549 732 -10
549 776 -10
550 777 -1
550 750 -10
550 734 -10
550 778 -10
551 779 -1
551 753 -10
551 780 -10
552 781 -1
552 753 -10
552 755 -10
552 736 -10
552 782 -10
553 783 -1
553 755 -10
553 757 -10
553 738 -10
553 784 -10
554 785 -1
554 757 -10
554 759 -10
554 740 -10
554 786 0
555 787 -1
555 759 -10
555 761 -10
555 743 -10
555 788 0
556 789 -1
556 765 -10
556 769 -10
556 763 -10
557 790 -1
557 769 -10
557 791 -10
557 767 -10
557 792 -10
558 793 -1
558 791 -10
558 774 -10
558 771 -10
558 794 -10
559 795 -1
559 774 -10
559 796 -10
559 772 -10
559 797 -10
560 798 -1
560 796 -10
560 799 -10
560 800 -10
560 801 -10
561 802 -1
561 776 -10
561 747 -10
561 803 -10
562 804 -1
562 778 -10
562 750 -10
562 805 -10
563 806 -1
563 780 -10
563 807 -10
564 808 -1
564 780 -10
564 782 -10
564 753 -10
564 809 -10
565 810 -1
565 782 -10
565 784 -10
565 755 -10
565 811 -10
566 812 -1
566 784 -10
566 786 -10
566 757 -10
566 813 0
567 786 -1
567 812 27
567 814 4
567 785 0
567 815 0
568 814 -1
568 786 -10
568 788 2
568 759 0
568 816 0
569 788 -1
569 814 0
569 817 -982242440
569 787 32678
570 817 -1
570 788 -10
570 761 -982242440
570 818 32678
571 819 -1
571 765 -10
571 820 -10
572 821 -1
572 792 -10
572 769 -10
572 822 -10
573 823 -1
573 792 -10
573 794 -10
573 791 -10
573 824 -10
574 825 -1
574 794 -10
574 797 -10
574 774 -10
574 826 -10
575 827 -1
575 797 -10
575 801 -10
575 796 -10
575 828 -10
576 829 -1
576 801 -10
576 830 -10
576 799 -10
576 831 -10
577 832 -1
577 830 -10
577 803 -10
577 776 -10
577 833 -10
578 834 -1
578 803 -10
578 835 -10
578 836 -10
579 837 -1
579 835 -10
579 805 -10
579 778 -10
579 838 -10
580 839 -1
580 805 -10
580 807 -10
580 840 -10
581 841 -1
581 807 -10
581 809 -10
581 780 -10
581 842 -10
582 843 -1
582 809 -10
582 811 -10
582 782 -10
582 844 -10
583 845 -1
583 811 -10
583 813 -10
583 784 -10
583 846 -10
584 815 -1
584 813 -10
584 816 -10
584 786 32678
584 847 0
585 816 -1
585 815 0
585 814 -982242440
585 848 32678
586 816 -10
586 818 0
586 788 -982242440
586 849 32678
587 818 -1
587 817 0
587 850 -982242440
588 851 -1
588 820 -10
588 822 -10
589 852 -1
589 822 -10
589 824 -10
589 792 -10
590 853 -1
590 824 -10
590 826 -10
590 794 -10
591 854 -1
591 826 -10
591 828 -10
591 797 -10
592 855 -1
592 828 -10
592 831 -10
592 801 -10
593 856 -1
593 831 -10
593 833 -10
593 830 -10
594 857 -1
594 833 -10
594 836 -10
594 803 -10
594 858 -10
595 859 -1
595 836 -10
595 838 -10
595 835 -10
595 860 -10
596 861 -1
596 838 -10
596 840 -10
596 805 -10
596 862 -10
597 863 -1
597 840 -10
597 842 -10
597 807 -10
598 864 -1
598 842 -10
598 844 -10
598 809 -10
599 865 -1
599 844 -10
599 846 -10
599 811 -10
600 866 -1
600 846 -10
600 847 -10
600 813 -10
601 848 -1
601 847 -10
601 849 -10
601 816 32678
602 850 -1
602 849 -10
602 818 -982242440
603 867 -1
603 858 -10
603 833 -10
603 868 -10
604 869 -1
604 858 -10
604 860 -10
604 836 -10
604 870 -10
605 871 -1
605 860 -10
605 862 -10
605 838 -10
605 872 -10
606 873 -1
606 868 -10
606 870 -10
606 858 -10
606 874 -10
607 875 -1
607 870 -10
607 872 -10
607 860 -10
607 876 -10
608 877 -1
608 872 -10
608 862 -10
608 878 -10
609 879 -1
609 880 -10
609 881 -10
610 882 -1
610 880 -10
610 883 -10
610 884 -10
611 885 -1
611 883 -10
611 886 -10
611 887 -10
612 888 -1
612 886 -10
612 889 -10
612 890 -10
613 891 -1
613 889 -10
613 892 -10
613 893 -10
614 894 -1
614 892 -10
614 895 -10
614 896 -10
615 897 -1
615 895 -10
615 874 -10
615 868 -10
615 898 -10
616 899 -1
616 874 -10
616 876 -10
616 870 -10
616 900 -10
617 901 -1
617 876 -10
617 878 -10
617 872 -10
617 902 -10
618 881 -10
618 884 -10
618 880 -10
618 903 -10
619 904 -1
619 884 -10
619 887 -10
619 883 -10
619 905 -10
620 906 -1
620 887 -10
620 890 -10
620 886 -10
620 907 -10
621 908 -1
621 890 -10
621 893 -10
621 889 -10
621 909 -10
622 910 -1
622 893 -10
622 896 -10
622 892 -10
622 911 -10
623 912 -1
623 896 -10
623 898 -10
623 895 -10
624 913 -1
624 898 -10
624 900 -10
624 874 -10
624 914 -10
625 915 -1
625 900 -10
625 902 -10
625 876 -10
626 916 -1
626 902 -10
626 917 -10
626 878 -10
626 918 -10
627 919 -1
627 917 -10
627 920 -10
627 921 -10
627 922 -10
628 923 -1
628 903 -10
628 881 -10
628 924 -10
629 925 -1
629 903 -10
629 905 -10
629 884 -10
629 926 -10
630 927 -1
630 905 -10
630 907 -10
630 887 -10
630 928 -10
631 929 -1
631 907 -10
631 909 -10
631 890 -10
631 930 -10
632 931 -1
632 909 -10
632 911 -10
632 893 -10
632 932 -10
633 933 -1
633 911 -10
633 896 -10
634 934 -1
634 914 -10
634 898 -10
634 935 -10
635 936 -1
635 918 -10
635 902 -10
635 937 -10
636 938 -1
636 924 -10
636 926 -10
636 903 -10
636 939 -10
637 940 -1
637 926 -10
637 928 -10
637 905 -10
637 941 -10
638 942 -1
638 928 -10
638 930 -10
638 907 -10
638 943 -10
639 944 -1
639 930 -10
639 932 -10
639 909 -10
639 945 -10
640 946 -1
640 932 -10
640 911 -10
641 947 -1
641 935 -10
641 948 -10
642 949 -1
642 937 -10
642 950 -10
642 918 -10
642 951 -10
643 952 -1
643 939 -10
643 924 -10
643 953 -10
644 954 -1
644 939 -10
644 941 -10
644 926 -10
644 955 -10
645 956 -1
645 941 -10
645 943 -10
645 928 -10
645 957 -10
646 958 -1
646 943 -10
646 945 -10
646 930 -10
646 959 -10
647 960 -1
647 948 -10
647 961 -10
648 962 -1
648 951 -10
648 937 -10
648 963 -10
649 964 -1
649 951 -10
649 965 -10
649 950 -10
649 966 -10
650 967 -1
650 953 -10
650 955 -10
650 939 -10
650 968 -10
651 969 -1
651 955 -10
651 957 -10
651 941 -10
651 970 -10
652 971 -1
652 957 -10
652 959 -10
652 943 -10
652 972 -10
653 973 -1
653 959 -10
653 945 -10
654 974 -1
654 961 -10
654 975 -10
655 976 -1
655 963 -10
655 966 -10
655 951 -10
655 977 -10
656 978 -1
656 966 -10
656 979 -10
656 965 -10
656 980 -10
657 981 -1
657 968 -10
657 953 -10
657 982 -10
658 983 -1
658 968 -10
658 970 -10
658 955 -10
658 984 -10
659 985 -1
659 970 -10
659 972 -10
659 957 -10
659 986 -10
660 987 -1
660 975 -10
660 988 -10
661 989 -1
661 977 -10
661 963 -10
661 990 -10
662 991 -1
662 982 -10
662 984 -10
662 968 -10
662 992 -10
663 993 -1
663 984 -10
663 986 -10
663 970 -10
663 994 -10
664 995 -1
664 986 -10
664 972 -10
665 996 -1
665 988 -10
665 997 -10
666 998 -1
666 990 -10
666 999 -10
666 977 -10
666 1000 -10
667 1001 -1
667 992 -10
667 982 -10
667 1002 -10
668 1003 -1
668 992 -10
668 994 -10
668 984 -10
668 1004 -10
669 1005 -1
669 997 -10
669 1006 -10
670 1007 -1
670 1002 -10
670 1004 -10
670 992 -10
670 1008 -10
671 1009 -1
671 1004 -10
671 994 -10
672 1010 -1
672 1006 -10
672 1011 -10
673 1012 -1
673 1008 -10
673 1002 -10
673 1013 -10
674 1014 -1
674 1011 -10
674 1015 -10
675 1016 -1
675 1013 -10
675 1008 -10
676 1017 -1
676 1015 -10
676 1018 -10
677 1019 -1
677 1018 -10
677 1020 -10
678 1021 -1
678 1020 -10
0 511 0
1 512 0
2 513 0
3 514 0
4 515 0
5 516 0
6 517 0
7 518 0
8 519 0
9 520 0
10 521 0
11 522 0
12 523 0
13 524 0
14 525 0
15 526 0
16 527 0
17 528 0
18 529 0
19 530 0
20 531 0
21 532 0
22 533 0
23 534 0
24 535 0
25 536 0
26 537 0
27 538 0
28 539 0
29 540 0
30 541 0
31 542 0
32 543 0
33 544 0
34 545 0
35 546 0
36 547 0
37 548 0
38 549 0
39 550 0
40 551 0
41 552 0
42 553 0
43 554 0
44 555 0
45 556 0
46 557 0
47 558 0
48 559 0
49 560 0
50 561 0
51 562 0
52 563 0
53 564 0
54 565 0
55 566 0
56 567 0
57 568 0
58 569 0
59 570 0
60 571 0
61 572 0
62 573 0
63 574 0
64 575 0
65 576 0
66 577 0
67 578 0
68 579 0
69 580 0
70 581 0
71 582 0
72 583 0
73 584 0
74 585 0
75 586 0
76 587 0
77 588 0
78 589 0
79 590 0
80 591 0
81 592 0
82 593 0
83 594 0
84 595 0
85 596 0
86 597 0
87 598 0
88 599 0
89 600 0
90 601 0
91 602 0
92 603 0
93 604 0
94 605 0
95 606 0
96 607 0
97 608 0
98 609 0
99 610 0
100 611 0
101 612 0
102 613 0
103 614 0
104 615 0
105 616 0
106 617 0
107 618 0
108 619 0
109 620 0
110 621 0
111 622 0
112 623 0
113 624 0
114 625 0
115 626 0
116 627 0
117 628 0
118 629 0
119 630 0
120 631 0
121 632 0
122 633 0
123 634 0
124 635 0
125 636 0
126 637 0
127 638 0
128 639 0
129 640 0
130 641 0
131 642 0
132 643 0
133 644 0
134 645 0
135 646 0
136 647 0
137 648 0
138 649 0
139 650 0
140 651 0
141 652 0
142 653 0
143 654 0
144 655 0
145 656 0
146 657 0
147 658 0
148 659 0
149 660 0
150 661 0
151 662 0
152 663 0
153 664 0
154 665 0
155 666 0
156 667 0
157 668 0
158 669 0
159 670 0
160 671 0
161 672 0
162 673 0
163 674 0
164 675 0
165 676 0
166 677 0
167 678 0
168 679 0
169 680 0
170 681 0
171 682 0
172 683 0
173 684 0
174 685 0
175 686 0
176 687 0
177 688 0
178 689 0
179 690 0
180 691 0
181 692 0
182 693 0
183 694 0
184 695 0
185 696 0
186 697 0
187 698 0
188 699 0
189 700 0
190 701 0
191 702 0
192 703 0
193 704 0
194 705 0
195 706 0
196 707 0
197 708 0
198 709 0
199 710 0
200 711 0
201 712 0
202 713 0
203 714 0
204 715 0
205 716 0
206 717 0
207 718 0
208 719 0
209 720 0
210 721 0
211 722 0
212 723 0
213 724 0
214 725 0
215 726 0
216 727 0
217 728 0
218 729 0
219 730 0
220 731 0
221 732 0
222 733 0
223 734 0
224 735 0
225 736 0
226 737 0
227 738 0
228 739 0
229 740 0
230 741 0
231 742 0
232 743 0
233 744 0
234 745 0
235 746 0
236 747 0
237 748 0
238 749 0
239 750 0
240 751 0
241 752 0
242 753 0
243 754 0
244 755 0
245 756 0
246 757 0
247 758 0
248 759 0
249 760 0
250 761 0
251 762 0
252 763 0
253 764 0
254 765 0
255 766 0
256 767 0
257 768 0
258 769 0
259 770 0
260 771 0
261 772 0
262 773 0
263 774 0
264 775 0
265 776 0
266 777 0
267 778 0
268 779 0
269 780 0
270 781 0
271 782 0
272 783 0
273 784 0
274 785 0
275 786 0
276 787 0
277 788 0
278 789 0
279 790 0
280 791 0
281 792 0
282 793 0
283 794 0
284 795 0
285 796 0
286 797 0
287 798 0
288 799 0
289 800 0
290 801 0
291 802 0
292 803 0
293 804 0
294 805 0
295 806 0
296 807 0
297 808 0
298 809 0
299 810 0
300 811 0
301 812 0
302 813 0
303 814 0
304 815 0
305 816 0
306 817 0
307 818 0
308 819 0
309 820 0
310 821 0
311 822 0
312 823 0
313 824 0
314 825 0
315 826 0
316 827 0
317 828 0
318 829 0
319 830 0
320 831 0
321 832 0
322 833 0
323 834 0
324 835 0
325 836 0
326 837 0
327 838 0
328 839 0
329 840 0
330 841 0
331 842 0
332 843 0
333 844 0
334 845 0
335 846 0
336 847 0
337 848 0
338 849 0
339 850 0
340 851 0
341 852 0
342 853 0
343 854 0
344 855 0
345 856 0
346 857 0
347 858 0
348 859 0
349 860 0
350 861 0
351 862 0
352 863 0
353 864 0
354 865 0
355 866 0
356 867 0
357 868 0
358 869 0
359 870 0
360 871 0
361 872 0
362 873 0
363 874 0
364 875 0
365 876 0
366 877 0
367 878 0
368 879 0
369 880 0
370 881 0
371 882 0
372 883 0
373 884 0
374 885 0
375 886 0
376 887 0
377 888 0
378 889 0
379 890 0
380 891 0
381 892 0
382 893 0
383 894 0
384 895 0
385 896 0
386 897 0
387 898 0
388 899 0
389 900 0
390 901 0
391 902 0
392 903 0
393 904 0
394 905 0
395 906 0
396 907 0
397 908 0
398 909 0
399 910 0
400 911 0
401 912 0
402 913 0
403 914 0
404 915 0
405 916 0
406 917 0
407 918 0
408 919 0
409 920 0
410 921 0
411 922 0
412 923 0
413 924 0
414 925 0
415 926 0
416 927 0
417 928 0
418 929 0
419 930 0
420 931 0
421 932 0
422 933 0
423 934 0
424 935 0
425 936 0
426 937 0
427 938 0
428 939 0
429 940 0
430 941 0
431 942 0
432 943 0
433 944 0
434 945 0
435 946 0
436 947 0
437 948 0
438 949 0
439 950 0
440 951 0
441 952 0
442 953 0
443 954 0
444 955 0
445 956 0
446 957 0
447 958 0
448 959 0
449 960 0
450 961 0
451 962 0
452 963 0
453 964 0
454 965 0
455 966 0
456 967 0
457 968 0
458 969 0
459 970 0
460 971 0
461 972 0
462 973 0
463 974 0
464 975 0
465 976 0
466 977 0
467 978 0
468 979 0
469 980 0
470 981 0
471 982 0
472 983 0
473 984 0
474 985 0
475 986 0
476 987 0
477 988 0
478 989 0
479 990 0
480 991 0
481 992 0
482 993 0
483 994 0
484 995 0
485 996 0
486 997 0
487 998 0
488 999 0
489 1000 0
490 1001 0
491 1002 0
492 1003 0
493 1004 0
494 1005 0
495 1006 0
496 1007 0
497 1008 0
498 1009 0
499 1010 0
500 1011 0
501 1012 0
502 1013 0
503 1014 0
504 1015 0
505 1016 0
506 1017 0
507 1018 0
508 1019 0
509 1020 0
510 1021 0
