614 1065
0 83 -87
0 84 -283
0 85 -281
0 86 -279
0 87 -295
1 88 -253
1 89 -299
1 90 -297
1 87 -295
1 91 -310
2 92 -242
2 93 -293
2 94 -288
2 95 -288
2 96 -297
3 97 -267
3 98 -311
3 99 -311
3 91 -310
3 100 -324
4 101 -216
4 102 -271
4 103 -264
5 104 -253
5 105 -304
5 106 -297
5 96 -297
5 107 -209
6 107 -259
6 108 -311
6 109 -203
6 104 -203
6 110 -317
7 109 -253
7 107 -209
7 111 -297
7 106 -297
7 112 -309
8 113 -283
8 114 -340
8 115 -325
8 116 -342
9 117 -268
9 110 -317
9 108 -311
9 118 -227
10 119 -299
10 120 -340
10 116 -342
10 114 -340
10 121 -260
11 118 -277
11 122 -325
11 117 -218
11 123 -336
12 124 -299
12 121 -260
12 120 -340
13 121 -310
13 124 -249
13 125 -252
13 119 -249
13 126 -371
14 125 -302
14 121 -260
14 116 -342
14 127 -263
15 128 -283
15 123 -336
15 129 -225
15 122 -325
15 130 -243
16 129 -275
16 128 -233
16 131 -317
17 132 -348
17 133 -380
17 134 -445
17 135 -437
17 136 -436
18 127 -313
18 126 -371
18 125 -252
18 137 -376
19 130 -293
19 138 -346
19 128 -233
19 139 -354
20 140 -333
20 141 -453
20 142 -380
20 143 -426
20 144 -425
21 145 -339
21 146 -395
21 147 -285
21 148 -384
22 147 -335
22 145 -289
22 137 -376
22 126 -371
22 149 -380
23 150 -307
23 151 -362
23 139 -354
23 138 -346
23 152 -354
24 153 -286
24 154 -345
24 155 -329
24 156 -329
24 157 -332
25 158 -267
25 159 -323
25 160 -313
25 161 -313
25 162 -313
26 163 -258
26 160 -313
26 164 -304
26 165 -305
26 166 -303
27 167 -245
27 168 -300
27 169 -137
27 170 -294
27 171 -289
28 172 -118
28 173 -371
28 148 -384
28 146 -395
29 174 -321
29 149 -380
29 175 -264
29 137 -376
29 176 -263
30 175 -314
30 174 -271
30 177 -258
30 178 -368
30 179 -357
31 177 -308
31 175 -264
31 152 -354
31 151 -362
31 180 -252
32 181 -300
32 152 -354
32 182 -241
32 139 -354
32 183 -344
33 182 -291
33 181 -250
33 157 -332
33 154 -345
34 184 -275
34 157 -332
34 185 -219
34 155 -329
35 185 -269
35 184 -225
35 162 -313
35 159 -323
36 176 -313
36 186 -371
36 179 -357
36 174 -271
36 187 -356
37 180 -302
37 179 -357
37 188 -247
37 177 -258
37 189 -346
38 188 -297
38 180 -252
38 183 -344
38 152 -354
38 190 -242
39 191 -313
39 187 -356
39 186 -371
39 192 -357
40 193 -301
40 187 -356
40 189 -346
40 179 -357
40 194 -346
41 190 -292
41 189 -346
41 195 -340
41 188 -247
41 196 -338
42 197 -255
42 198 -297
42 199 -314
42 200 -302
43 201 -273
43 199 -314
43 202 -334
43 203 -320
44 204 -295
44 202 -334
44 192 -357
44 205 -340
45 206 -301
45 192 -357
45 194 -346
45 187 -356
45 207 -346
46 208 -291
46 194 -346
46 196 -338
46 189 -346
46 209 -338
47 210 -286
47 196 -338
47 211 -228
47 195 -340
47 212 -333
48 211 -278
48 210 -236
48 213 -321
48 214 -326
49 215 -264
49 213 -321
49 216 -209
49 217 -313
50 216 -259
50 215 -214
50 218 -204
50 219 -308
51 218 -254
51 216 -209
51 220 -200
51 221 -303
52 220 -250
52 218 -204
52 222 -296
52 223 -300
53 224 -245
53 225 -288
53 200 -302
53 198 -297
53 226 -288
54 227 -261
54 200 -302
54 203 -320
54 199 -314
54 228 -302
55 229 -280
55 203 -320
55 205 -340
55 202 -334
55 230 -320
56 231 -302
56 205 -340
56 207 -346
56 192 -357
56 232 -343
57 233 -292
57 207 -346
57 209 -338
57 194 -346
58 234 -285
58 209 -338
58 212 -333
58 196 -338
58 235 -325
59 236 -269
59 214 -326
59 217 -313
59 213 -321
59 237 -313
60 238 -242
60 239 -297
60 240 -287
60 241 -291
60 242 -291
61 243 -76
61 244 -282
61 245 -271
61 246 -275
61 247 -276
62 248 -261
62 228 -302
62 230 -320
62 203 -320
62 249 -302
63 250 -287
63 232 -343
63 207 -346
63 251 -229
64 252 -258
64 237 -313
64 253 -303
64 217 -313
64 254 -303
65 255 -245
65 256 -288
65 249 -302
65 228 -302
65 257 -288
66 251 -279
66 258 -334
66 250 -237
66 259 -221
67 260 -266
67 261 -215
67 235 -325
67 262 -308
68 261 -265
68 260 -216
68 263 -207
68 264 -324
68 265 -207
69 263 -257
69 261 -215
69 266 -300
70 267 -270
70 268 -315
70 269 -327
70 270 -327
70 271 -315
71 259 -271
71 269 -327
71 251 -229
71 272 -315
72 265 -257
72 262 -308
72 266 -300
72 261 -215
72 273 -300
73 274 -220
73 275 -265
73 276 -275
73 277 -276
73 278 -263
74 279 -260
74 280 -304
74 271 -315
74 268 -315
74 281 -306
75 282 -270
75 271 -315
75 272 -315
75 269 -327
75 283 -315
76 284 -251
76 273 -300
76 262 -308
76 285 -294
77 286 -231
77 287 -289
77 288 -327
78 289 -260
78 281 -306
78 283 -315
78 271 -315
78 290 -306
79 291 -244
79 285 -294
79 292 -289
79 273 -300
79 293 -289
80 294 -260
80 290 -306
80 295 -304
80 283 -315
80 296 -306
81 297 -247
81 298 -296
81 299 -291
81 300 -303
81 301 -289
82 302 -210
82 303 -260
82 304 -257
82 305 -269
82 306 -103
307 390 -87
307 391 -283
307 392 -281
307 393 -279
307 394 -295
308 395 -253
308 396 -299
308 397 -297
308 394 -295
308 398 -310
309 399 -242
309 400 -293
309 401 -288
309 402 -288
309 403 -297
310 404 -267
310 405 -311
310 406 -311
310 398 -310
310 407 -324
311 408 -216
311 409 -271
311 410 -264
312 411 -253
312 412 -304
312 413 -297
312 403 -297
312 414 -209
313 414 -259
313 415 -311
313 416 -203
313 411 -203
313 417 -317
314 416 -253
314 414 -209
314 418 -297
314 413 -297
314 419 -309
315 420 -283
315 421 -340
315 422 -325
315 423 -342
316 424 -268
316 417 -317
316 415 -311
316 425 -227
317 426 -299
317 427 -340
317 423 -342
317 421 -340
317 428 -260
318 425 -277
318 429 -325
318 424 -218
318 430 -336
319 431 -299
319 428 -260
319 427 -340
320 428 -310
320 431 -249
320 432 -252
320 426 -249
320 433 -371
321 432 -302
321 428 -260
321 423 -342
321 434 -263
322 435 -283
322 430 -336
322 436 -225
322 429 -325
322 437 -243
323 436 -275
323 435 -233
323 438 -317
324 439 -348
324 440 -380
324 441 -445
324 442 -437
324 443 -436
325 434 -313
325 433 -371
325 432 -252
325 444 -376
326 437 -293
326 445 -346
326 435 -233
326 446 -354
327 447 -333
327 448 -453
327 449 -380
327 450 -426
327 451 -425
328 452 -339
328 453 -395
328 454 -285
328 455 -384
329 454 -335
329 452 -289
329 444 -376
329 433 -371
329 456 -380
330 457 -307
330 458 -362
330 446 -354
330 445 -346
330 459 -354
331 460 -286
331 461 -345
331 462 -329
331 463 -329
331 464 -332
332 465 -267
332 466 -323
332 467 -313
332 468 -313
332 469 -313
333 470 -258
333 467 -313
333 471 -304
333 472 -305
333 473 -303
334 474 -245
334 475 -300
334 476 -137
334 477 -294
334 478 -289
335 479 -118
335 480 -371
335 455 -384
335 453 -395
336 481 -321
336 456 -380
336 482 -264
336 444 -376
336 483 -263
337 482 -314
337 481 -271
337 484 -258
337 485 -368
337 486 -357
338 484 -308
338 482 -264
338 459 -354
338 458 -362
338 487 -252
339 488 -300
339 459 -354
339 489 -241
339 446 -354
339 490 -344
340 489 -291
340 488 -250
340 464 -332
340 461 -345
341 491 -275
341 464 -332
341 492 -219
341 462 -329
342 492 -269
342 491 -225
342 469 -313
342 466 -323
343 483 -313
343 493 -371
343 486 -357
343 481 -271
343 494 -356
344 487 -302
344 486 -357
344 495 -247
344 484 -258
344 496 -346
345 495 -297
345 487 -252
345 490 -344
345 459 -354
345 497 -242
346 498 -313
346 494 -356
346 493 -371
346 499 -357
347 500 -301
347 494 -356
347 496 -346
347 486 -357
347 501 -346
348 497 -292
348 496 -346
348 502 -340
348 495 -247
348 503 -338
349 504 -255
349 505 -297
349 506 -314
349 507 -302
350 508 -273
350 506 -314
350 509 -334
350 510 -320
351 511 -295
351 509 -334
351 499 -357
351 512 -340
352 513 -301
352 499 -357
352 501 -346
352 494 -356
352 514 -346
353 515 -291
353 501 -346
353 503 -338
353 496 -346
353 516 -338
354 517 -286
354 503 -338
354 518 -228
354 502 -340
354 519 -333
355 518 -278
355 517 -236
355 520 -321
355 521 -326
356 522 -264
356 520 -321
356 523 -209
356 524 -313
357 523 -259
357 522 -214
357 525 -204
357 526 -308
358 525 -254
358 523 -209
358 527 -200
358 528 -303
359 527 -250
359 525 -204
359 529 -296
359 530 -300
360 531 -245
360 532 -288
360 507 -302
360 505 -297
360 533 -288
361 534 -261
361 507 -302
361 510 -320
361 506 -314
361 535 -302
362 536 -280
362 510 -320
362 512 -340
362 509 -334
362 537 -320
363 538 -302
363 512 -340
363 514 -346
363 499 -357
363 539 -343
364 540 -292
364 514 -346
364 516 -338
364 501 -346
365 541 -285
365 516 -338
365 519 -333
365 503 -338
365 542 -325
366 543 -269
366 521 -326
366 524 -313
366 520 -321
366 544 -313
367 545 -242
367 546 -297
367 547 -287
367 548 -291
367 549 -291
368 550 -76
368 551 -282
368 552 -271
368 553 -275
368 554 -276
369 555 -261
369 535 -302
369 537 -320
369 510 -320
369 556 -302
370 557 -287
370 539 -343
370 514 -346
370 558 -229
371 559 -258
371 544 -313
371 560 -303
371 524 -313
371 561 -303
372 562 -245
372 563 -288
372 556 -302
372 535 -302
372 564 -288
373 558 -279
373 565 -334
373 557 -237
373 566 -221
374 567 -266
374 568 -215
374 542 -325
374 569 -308
375 568 -265
375 567 -216
375 570 -207
375 571 -324
375 572 -207
376 570 -257
376 568 -215
376 573 -300
377 574 -270
377 575 -315
377 576 -327
377 577 -327
377 578 -315
378 566 -271
378 576 -327
378 558 -229
378 579 -315
379 572 -257
379 569 -308
379 573 -300
379 568 -215
379 580 -300
380 581 -220
380 582 -265
380 583 -275
380 584 -276
380 585 -263
381 586 -260
381 587 -304
381 578 -315
381 575 -315
381 588 -306
382 589 -270
382 578 -315
382 579 -315
382 576 -327
382 590 -315
383 591 -251
383 580 -300
383 569 -308
383 592 -294
384 593 -231
384 594 -289
384 595 -327
385 596 -260
385 588 -306
385 590 -315
385 578 -315
385 597 -306
386 598 -244
386 592 -294
386 599 -289
386 580 -300
386 600 -289
387 601 -260
387 597 -306
387 602 -304
387 590 -315
387 603 -306
388 604 -247
388 605 -296
388 606 -291
388 607 -303
388 608 -289
389 609 -210
389 610 -260
389 611 -257
389 612 -269
389 613 -103
0 307 0
1 308 0
2 309 0
3 310 0
4 311 0
5 312 0
6 313 0
7 314 0
8 315 0
9 316 0
10 317 0
11 318 0
12 319 0
13 320 0
14 321 0
15 322 0
16 323 0
17 324 0
18 325 0
19 326 0
20 327 0
21 328 0
22 329 0
23 330 0
24 331 0
25 332 0
26 333 0
27 334 0
28 335 0
29 336 0
30 337 0
31 338 0
32 339 0
33 340 0
34 341 0
35 342 0
36 343 0
37 344 0
38 345 0
39 346 0
40 347 0
41 348 0
42 349 0
43 350 0
44 351 0
45 352 0
46 353 0
47 354 0
48 355 0
49 356 0
50 357 0
51 358 0
52 359 0
53 360 0
54 361 0
55 362 0
56 363 0
57 364 0
58 365 0
59 366 0
60 367 0
61 368 0
62 369 0
63 370 0
64 371 0
65 372 0
66 373 0
67 374 0
68 375 0
69 376 0
70 377 0
71 378 0
72 379 0
73 380 0
74 381 0
75 382 0
76 383 0
77 384 0
78 385 0
79 386 0
80 387 0
81 388 0
82 389 0
83 390 0
84 391 0
85 392 0
86 393 0
87 394 0
88 395 0
89 396 0
90 397 0
91 398 0
92 399 0
93 400 0
94 401 0
95 402 0
96 403 0
97 404 0
98 405 0
99 406 0
100 407 0
101 408 0
102 409 0
103 410 0
104 411 0
105 412 0
106 413 0
107 414 0
108 415 0
109 416 0
110 417 0
111 418 0
112 419 0
113 420 0
114 421 0
115 422 0
116 423 0
117 424 0
118 425 0
119 426 0
120 427 0
121 428 0
122 429 0
123 430 0
124 431 0
125 432 0
126 433 0
127 434 0
128 435 0
129 436 0
130 437 0
131 438 0
132 439 0
133 440 0
134 441 0
135 442 0
136 443 0
137 444 0
138 445 0
139 446 0
140 447 0
141 448 0
142 449 0
143 450 0
144 451 0
145 452 0
146 453 0
147 454 0
148 455 0
149 456 0
150 457 0
151 458 0
152 459 0
153 460 0
154 461 0
155 462 0
156 463 0
157 464 0
158 465 0
159 466 0
160 467 0
161 468 0
162 469 0
163 470 0
164 471 0
165 472 0
166 473 0
167 474 0
168 475 0
169 476 0
170 477 0
171 478 0
172 479 0
173 480 0
174 481 0
175 482 0
176 483 0
177 484 0
178 485 0
179 486 0
180 487 0
181 488 0
182 489 0
183 490 0
184 491 0
185 492 0
186 493 0
187 494 0
188 495 0
189 496 0
190 497 0
191 498 0
192 499 0
193 500 0
194 501 0
195 502 0
196 503 0
197 504 0
198 505 0
199 506 0
200 507 0
201 508 0
202 509 0
203 510 0
204 511 0
205 512 0
206 513 0
207 514 0
208 515 0
209 516 0
210 517 0
211 518 0
212 519 0
213 520 0
214 521 0
215 522 0
216 523 0
217 524 0
218 525 0
219 526 0
220 527 0
221 528 0
222 529 0
223 530 0
224 531 0
225 532 0
226 533 0
227 534 0
228 535 0
229 536 0
230 537 0
231 538 0
232 539 0
233 540 0
234 541 0
235 542 0
236 543 0
237 544 0
238 545 0
239 546 0
240 547 0
241 548 0
242 549 0
243 550 0
244 551 0
245 552 0
246 553 0
247 554 0
248 555 0
249 556 0
250 557 0
251 558 0
252 559 0
253 560 0
254 561 0
255 562 0
256 563 0
257 564 0
258 565 0
259 566 0
260 567 0
261 568 0
262 569 0
263 570 0
264 571 0
265 572 0
266 573 0
267 574 0
268 575 0
269 576 0
270 577 0
271 578 0
272 579 0
273 580 0
274 581 0
275 582 0
276 583 0
277 584 0
278 585 0
279 586 0
280 587 0
281 588 0
282 589 0
283 590 0
284 591 0
285 592 0
286 593 0
287 594 0
288 595 0
289 596 0
290 597 0
291 598 0
292 599 0
293 600 0
294 601 0
295 602 0
296 603 0
297 604 0
298 605 0
299 606 0
300 607 0
301 608 0
302 609 0
303 610 0
304 611 0
305 612 0
306 613 0
