148 234
0 17 -583
0 18 -890
0 19 -862
0 20 -858
1 21 -614
1 22 -891
1 20 -908
1 18 -890
1 23 -859
2 24 -603
2 20 -858
2 25 -850
2 26 -846
3 27 -578
3 25 -850
3 28 -898
3 29 -809
3 30 -892
4 31 -778
4 28 -898
4 32 -860
4 33 -870
5 34 -592
5 26 -846
5 30 -892
5 25 -850
5 35 -835
6 36 -789
6 30 -892
6 33 -870
6 28 -898
6 37 -830
7 38 -751
7 33 -870
7 39 -786
7 32 -860
8 40 -583
8 35 -835
8 37 -830
8 30 -892
8 41 -876
9 42 -741
9 43 -816
9 44 -819
9 45 -787
10 46 -761
10 47 -816
10 45 -787
10 43 -816
10 48 -782
11 49 -620
11 50 -677
11 51 -714
11 52 -662
11 53 -700
12 54 -705
12 55 -759
12 56 -731
12 48 -782
12 57 -731
13 58 -659
13 59 -711
13 60 -689
13 57 -731
13 61 -687
14 62 -618
14 63 -669
14 64 -650
14 61 -687
14 65 -649
15 66 -582
15 67 -633
15 68 -618
15 65 -649
15 69 -615
16 70 -548
16 71 -599
16 72 -585
16 69 -615
16 73 -431
74 91 -583
74 92 -890
74 93 -862
74 94 -858
75 95 -614
75 96 -891
75 94 -908
75 92 -890
75 97 -859
76 98 -603
76 94 -858
76 99 -850
76 100 -846
77 101 -578
77 99 -850
77 102 -898
77 103 -809
77 104 -892
78 105 -778
78 102 -898
78 106 -860
78 107 -870
79 108 -592
79 100 -846
79 104 -892
79 99 -850
79 109 -835
80 110 -789
80 104 -892
80 107 -870
80 102 -898
80 111 -830
81 112 -751
81 107 -870
81 113 -786
81 106 -860
82 114 -583
82 109 -835
82 111 -830
82 104 -892
82 115 -876
83 116 -741
83 117 -816
83 118 -819
83 119 -787
84 120 -761
84 121 -816
84 119 -787
84 117 -816
84 122 -782
85 123 -620
85 124 -677
85 125 -714
85 126 -662
85 127 -700
86 128 -705
86 129 -759
86 130 -731
86 122 -782
86 131 -731
87 132 -659
87 133 -711
87 134 -689
87 131 -731
87 135 -687
88 136 -618
88 137 -669
88 138 -650
88 135 -687
88 139 -649
89 140 -582
89 141 -633
89 142 -618
89 139 -649
89 143 -615
90 144 -548
90 145 -599
90 146 -585
90 143 -615
90 147 -431
0 74 0
1 75 0
2 76 0
3 77 0
4 78 0
5 79 0
6 80 0
7 81 0
8 82 0
9 83 0
10 84 0
11 85 0
12 86 0
13 87 0
14 88 0
15 89 0
16 90 0
17 91 0
18 92 0
19 93 0
20 94 0
21 95 0
22 96 0
23 97 0
24 98 0
25 99 0
26 100 0
27 101 0
28 102 0
29 103 0
30 104 0
31 105 0
32 106 0
33 107 0
34 108 0
35 109 0
36 110 0
37 111 0
38 112 0
39 113 0
40 114 0
41 115 0
42 116 0
43 117 0
44 118 0
45 119 0
46 120 0
47 121 0
48 122 0
49 123 0
50 124 0
51 125 0
52 126 0
53 127 0
54 128 0
55 129 0
56 130 0
57 131 0
58 132 0
59 133 0
60 134 0
61 135 0
62 136 0
63 137 0
64 138 0
65 139 0
66 140 0
67 141 0
68 142 0
69 143 0
70 144 0
71 145 0
72 146 0
73 147 0
