362 649
0 50 -92
0 51 -124
0 52 -136
0 53 -140
1 54 -69
1 55 -164
1 56 -105
1 57 -113
2 58 -91
2 59 -123
2 53 -140
2 51 -124
2 60 -139
3 61 -105
3 53 -140
3 62 -151
3 52 -136
3 63 -54
4 64 -102
4 62 -151
4 65 -135
4 66 -134
4 67 -151
5 68 -109
5 60 -139
5 63 -54
5 53 -140
5 69 -59
6 70 -121
6 63 -54
6 67 -151
6 62 -151
6 71 -52
7 72 -102
7 67 -151
7 73 -135
7 65 -135
7 74 -151
8 75 -108
8 76 -138
8 69 -59
8 60 -139
8 77 -158
9 78 -122
9 71 -52
9 74 -151
9 67 -151
9 79 -152
10 80 -103
10 74 -151
10 81 -135
10 73 -135
10 82 -151
11 83 -89
11 81 -135
11 84 -123
11 85 -124
11 86 -136
12 87 -107
12 77 -158
12 76 -138
12 88 -143
13 89 -122
13 79 -52
13 82 -151
13 74 -151
13 90 -155
14 91 -103
14 82 -151
14 86 -136
14 81 -135
14 92 -138
15 93 -1
15 94 -122
15 95 -1
15 96 -112
15 97 -113
16 98 -114
16 88 -143
16 99 -166
16 77 -158
16 100 -151
17 101 -1
17 102 -157
17 90 -155
17 79 -152
17 103 -160
18 104 -106
18 90 -155
18 92 -138
18 82 -151
19 105 -91
19 92 -138
19 106 -124
19 86 -136
19 107 -127
20 108 -78
20 106 -124
20 97 -163
20 94 -122
21 109 -1
21 97 -113
21 110 -105
21 95 -1
21 111 -104
22 112 -1
22 100 -151
22 113 -166
22 99 -166
22 114 -162
23 115 -131
23 113 -216
23 103 -160
23 102 -207
23 116 -166
24 117 -94
24 107 -127
24 92 -138
24 118 -181
25 119 -110
25 120 -140
25 114 -162
25 100 -151
25 121 -150
26 122 -123
26 114 -162
26 116 -166
26 113 -216
26 123 -162
27 124 -115
27 116 -166
27 103 -160
27 125 -153
28 126 -84
28 118 -181
28 127 -118
28 107 -127
29 128 -1
29 121 -150
29 123 -162
29 114 -162
29 129 -141
30 130 -1
30 123 -162
30 125 -153
30 116 -166
30 131 -162
31 132 -103
31 125 -153
31 133 -135
31 134 -142
32 135 -101
32 129 -191
32 131 -212
32 123 -162
32 136 -151
33 137 -111
33 131 -212
33 134 -142
33 125 -153
33 138 -141
34 139 -94
34 134 -142
34 133 -135
34 140 -126
35 141 -90
35 142 -142
35 136 -151
35 129 -191
35 143 -142
36 144 -1
36 136 -151
36 138 -141
36 131 -212
36 145 -141
37 146 -80
37 140 -126
37 147 -114
37 148 -113
38 149 -1
38 143 -142
38 145 -141
38 136 -151
38 150 -132
39 151 -1
39 145 -141
39 138 -141
39 152 -175
40 153 -69
40 148 -113
40 147 -114
40 154 -154
41 155 -1
41 150 -132
41 152 -175
41 145 -141
41 156 -1
42 157 -78
42 152 -175
42 158 -163
42 159 -112
43 160 -1
43 158 -113
43 154 -104
43 148 -113
43 161 -153
44 162 -59
44 154 -154
44 163 -96
44 164 -95
45 165 -53
45 163 -96
45 166 -90
45 167 -93
45 168 -89
46 169 -84
46 170 -124
46 156 -1
46 150 -132
46 171 -117
47 172 -59
47 161 -153
47 164 -95
47 154 -154
47 173 -95
48 174 -1
48 168 -89
48 175 -84
48 166 -90
48 176 -83
49 177 -44
49 178 -136
49 179 -81
49 180 -88
181 231 -92
181 232 -124
181 233 -136
181 234 -140
182 235 -69
182 236 -164
182 237 -105
182 238 -113
183 239 -91
183 240 -123
183 234 -140
183 232 -124
183 241 -139
184 242 -105
184 234 -140
184 243 -151
184 233 -136
184 244 -54
185 245 -102
185 243 -151
185 246 -135
185 247 -134
185 248 -151
186 249 -109
186 241 -139
186 244 -54
186 234 -140
186 250 -59
187 251 -121
187 244 -54
187 248 -151
187 243 -151
187 252 -52
188 253 -102
188 248 -151
188 254 -135
188 246 -135
188 255 -151
189 256 -108
189 257 -138
189 250 -59
189 241 -139
189 258 -158
190 259 -122
190 252 -52
190 255 -151
190 248 -151
190 260 -152
191 261 -103
191 255 -151
191 262 -135
191 254 -135
191 263 -151
192 264 -89
192 262 -135
192 265 -123
192 266 -124
192 267 -136
193 268 -107
193 258 -158
193 257 -138
193 269 -143
194 270 -122
194 260 -52
194 263 -151
194 255 -151
194 271 -155
195 272 -103
195 263 -151
195 267 -136
195 262 -135
195 273 -138
196 274 -1
196 275 -122
196 276 -1
196 277 -112
196 278 -113
197 279 -114
197 269 -143
197 280 -166
197 258 -158
197 281 -151
198 282 -1
198 283 -157
198 271 -155
198 260 -152
198 284 -160
199 285 -106
199 271 -155
199 273 -138
199 263 -151
200 286 -91
200 273 -138
200 287 -124
200 267 -136
200 288 -127
201 289 -78
201 287 -124
201 278 -163
201 275 -122
202 290 -1
202 278 -113
202 291 -105
202 276 -1
202 292 -104
203 293 -1
203 281 -151
203 294 -166
203 280 -166
203 295 -162
204 296 -131
204 294 -216
204 284 -160
204 283 -207
204 297 -166
205 298 -94
205 288 -127
205 273 -138
205 299 -181
206 300 -110
206 301 -140
206 295 -162
206 281 -151
206 302 -150
207 303 -123
207 295 -162
207 297 -166
207 294 -216
207 304 -162
208 305 -115
208 297 -166
208 284 -160
208 306 -153
209 307 -84
209 299 -181
209 308 -118
209 288 -127
210 309 -1
210 302 -150
210 304 -162
210 295 -162
210 310 -141
211 311 -1
211 304 -162
211 306 -153
211 297 -166
211 312 -162
212 313 -103
212 306 -153
212 314 -135
212 315 -142
213 316 -101
213 310 -191
213 312 -212
213 304 -162
213 317 -151
214 318 -111
214 312 -212
214 315 -142
214 306 -153
214 319 -141
215 320 -94
215 315 -142
215 314 -135
215 321 -126
216 322 -90
216 323 -142
216 317 -151
216 310 -191
216 324 -142
217 325 -1
217 317 -151
217 319 -141
217 312 -212
217 326 -141
218 327 -80
218 321 -126
218 328 -114
218 329 -113
219 330 -1
219 324 -142
219 326 -141
219 317 -151
219 331 -132
220 332 -1
220 326 -141
220 319 -141
220 333 -175
221 334 -69
221 329 -113
221 328 -114
221 335 -154
222 336 -1
222 331 -132
222 333 -175
222 326 -141
222 337 -1
223 338 -78
223 333 -175
223 339 -163
223 340 -112
224 341 -1
224 339 -113
224 335 -104
224 329 -113
224 342 -153
225 343 -59
225 335 -154
225 344 -96
225 345 -95
226 346 -53
226 344 -96
226 347 -90
226 348 -93
226 349 -89
227 350 -84
227 351 -124
227 337 -1
227 331 -132
227 352 -117
228 353 -59
228 342 -153
228 345 -95
228 335 -154
228 354 -95
229 355 -1
229 349 -89
229 356 -84
229 347 -90
229 357 -83
230 358 -44
230 359 -136
230 360 -81
230 361 -88
0 181 0
1 182 0
2 183 0
3 184 0
4 185 0
5 186 0
6 187 0
7 188 0
8 189 0
9 190 0
10 191 0
11 192 0
12 193 0
13 194 0
14 195 0
15 196 0
16 197 0
17 198 0
18 199 0
19 200 0
20 201 0
21 202 0
22 203 0
23 204 0
24 205 0
25 206 0
26 207 0
27 208 0
28 209 0
29 210 0
30 211 0
31 212 0
32 213 0
33 214 0
34 215 0
35 216 0
36 217 0
37 218 0
38 219 0
39 220 0
40 221 0
41 222 0
42 223 0
43 224 0
44 225 0
45 226 0
46 227 0
47 228 0
48 229 0
49 230 0
50 231 0
51 232 0
52 233 0
53 234 0
54 235 0
55 236 0
56 237 0
57 238 0
58 239 0
59 240 0
60 241 0
61 242 0
62 243 0
63 244 0
64 245 0
65 246 0
66 247 0
67 248 0
68 249 0
69 250 0
70 251 0
71 252 0
72 253 0
73 254 0
74 255 0
75 256 0
76 257 0
77 258 0
78 259 0
79 260 0
80 261 0
81 262 0
82 263 0
83 264 0
84 265 0
85 266 0
86 267 0
87 268 0
88 269 0
89 270 0
90 271 0
91 272 0
92 273 0
93 274 0
94 275 0
95 276 0
96 277 0
97 278 0
98 279 0
99 280 0
100 281 0
101 282 0
102 283 0
103 284 0
104 285 0
105 286 0
106 287 0
107 288 0
108 289 0
109 290 0
110 291 0
111 292 0
112 293 0
113 294 0
114 295 0
115 296 0
116 297 0
117 298 0
118 299 0
119 300 0
120 301 0
121 302 0
122 303 0
123 304 0
124 305 0
125 306 0
126 307 0
127 308 0
128 309 0
129 310 0
130 311 0
131 312 0
132 313 0
133 314 0
134 315 0
135 316 0
136 317 0
137 318 0
138 319 0
139 320 0
140 321 0
141 322 0
142 323 0
143 324 0
144 325 0
145 326 0
146 327 0
147 328 0
148 329 0
149 330 0
150 331 0
151 332 0
152 333 0
153 334 0
154 335 0
155 336 0
156 337 0
157 338 0
158 339 0
159 340 0
160 341 0
161 342 0
162 343 0
163 344 0
164 345 0
165 346 0
166 347 0
167 348 0
168 349 0
169 350 0
170 351 0
171 352 0
172 353 0
173 354 0
174 355 0
175 356 0
176 357 0
177 358 0
178 359 0
179 360 0
180 361 0
