478 731
0 50 -5
0 51 -10
0 52 -1
0 53 -5
0 54 -2
1 55 -5
1 56 -10
1 57 -5
1 58 -5
1 59 -2
2 60 -5
2 58 -5
2 55 -10
2 61 -5
2 62 -2
3 58 -5
3 63 -10
3 56 -5
3 64 -5
3 65 -2
4 64 -5
4 66 -10
4 63 -5
4 67 -5
4 68 -2
5 69 -1
5 70 -5
5 71 -10
5 72 -5
5 73 -2
6 74 -10
6 75 -1
6 76 -5
6 77 -5
6 78 -2
7 79 -431
7 80 -474
7 81 -537
7 82 -478
7 83 -484
8 84 -495
8 85 -540
8 86 -603
8 87 -537
8 88 -548
9 89 -5
9 77 -5
9 74 -5
9 90 -10
9 91 -2
10 77 -5
10 92 -5
10 75 -1
10 93 -10
10 94 -2
11 95 -555
11 92 -618
11 96 -643
11 97 -649
11 98 -655
12 99 -440
12 83 -484
12 100 -516
12 81 -537
13 100 -5
13 88 -5
13 85 -10
13 101 -1
13 102 -2
14 103 -5
14 104 -5
14 93 -5
14 105 -10
14 106 -2
15 107 -553
15 104 -597
15 108 -590
15 98 -655
15 109 -634
16 110 -10
16 111 -5
16 112 -1
16 113 -5
16 114 -2
17 115 -10
17 116 -5
17 117 -1
17 118 -5
17 119 -2
18 120 -10
18 121 -5
18 122 -1
18 123 -5
18 124 -2
19 125 -10
19 113 -5
19 110 -5
19 126 -5
19 127 -2
20 128 -10
20 129 -5
20 130 -5
20 131 -5
20 132 -2
21 129 -5
21 133 -10
21 134 -5
21 135 -5
21 136 -2
22 133 -5
22 137 -10
22 138 -5
22 139 -1
22 140 -2
23 137 -5
23 141 -5
23 142 -10
23 143 -5
23 144 -2
24 145 -520
24 146 -617
24 118 -586
24 115 -622
24 147 -586
25 148 -10
25 123 -5
25 120 -5
25 149 -5
25 150 -2
26 151 -349
26 152 -451
26 153 -228
26 154 -394
26 155 -378
27 156 10
27 126 -5
27 125 -5
27 157 -5
27 158 -2
28 159 -10
28 155 -5
28 152 -5
28 160 -5
28 161 -2
29 162 -10
29 163 -5
29 164 -5
29 165 -5
29 166 -2
30 167 -5
30 168 -5
30 149 -5
30 169 -10
30 170 -2
31 171 -10
31 160 -5
31 159 -5
31 172 -5
31 173 -2
32 174 -5
32 175 -5
32 176 -10
32 177 -5
32 178 -2
33 179 -459
33 180 -494
33 181 -570
33 182 -480
34 183 -5
34 172 -10
34 171 -5
34 184 -5
34 185 -2
35 172 -5
35 186 -5
35 160 -10
35 187 -5
35 188 -2
36 189 -5
36 190 -1
36 191 -10
36 192 -1
36 193 -2
37 190 -1
37 194 -5
37 195 -1
37 196 -10
37 197 -2
38 177 -10
38 198 -1
38 175 -5
38 199 -5
38 200 -2
39 201 -436
39 182 -480
39 202 -459
39 180 -494
39 203 -459
40 204 -5
40 184 -5
40 183 -10
40 205 -5
40 206 -2
41 205 -10
41 207 -5
41 184 -5
41 208 -5
41 209 -2
42 210 -5
42 211 -1
42 199 -5
42 212 -10
42 213 -2
43 214 -403
43 215 -447
43 216 -428
43 203 -459
43 217 -428
44 208 -10
44 218 -5
44 207 -5
44 219 -5
44 220 -2
45 221 -10
45 222 -5
45 223 -5
45 224 -5
45 225 -2
46 226 -10
46 227 -5
46 224 -5
46 228 -5
46 229 -2
47 230 -1
47 231 -5
47 232 -10
47 233 -5
47 234 -2
48 233 -3
48 235 -3
48 231 -3
48 236 -3
48 237 -2
49 236 -3
49 233 -3
49 238 -2
239 289 -5
239 290 -10
239 291 -1
239 292 -5
239 293 -2
240 294 -5
240 295 -10
240 296 -5
240 297 -5
240 298 -2
241 299 -5
241 297 -5
241 294 -10
241 300 -5
241 301 -2
242 297 -5
242 302 -10
242 295 -5
242 303 -5
242 304 -2
243 303 -5
243 305 -10
243 302 -5
243 306 -5
243 307 -2
244 308 -1
244 309 -5
244 310 -10
244 311 -5
244 312 -2
245 313 -10
245 314 -1
245 315 -5
245 316 -5
245 317 -2
246 318 -431
246 319 -474
246 320 -537
246 321 -478
246 322 -484
247 323 -495
247 324 -540
247 325 -603
247 326 -537
247 327 -548
248 328 -5
248 316 -5
248 313 -5
248 329 -10
248 330 -2
249 316 -5
249 331 -5
249 314 -1
249 332 -10
249 333 -2
250 334 -555
250 331 -618
250 335 -643
250 336 -649
250 337 -655
251 338 -440
251 322 -484
251 339 -516
251 320 -537
252 339 -5
252 327 -5
252 324 -10
252 340 -1
252 341 -2
253 342 -5
253 343 -5
253 332 -5
253 344 -10
253 345 -2
254 346 -553
254 343 -597
254 347 -590
254 337 -655
254 348 -634
255 349 -10
255 350 -5
255 351 -1
255 352 -5
255 353 -2
256 354 -10
256 355 -5
256 356 -1
256 357 -5
256 358 -2
257 359 -10
257 360 -5
257 361 -1
257 362 -5
257 363 -2
258 364 -10
258 352 -5
258 349 -5
258 365 -5
258 366 -2
259 367 -10
259 368 -5
259 369 -5
259 370 -5
259 371 -2
260 368 -5
260 372 -10
260 373 -5
260 374 -5
260 375 -2
261 372 -5
261 376 -10
261 377 -5
261 378 -1
261 379 -2
262 376 -5
262 380 -5
262 381 -10
262 382 -5
262 383 -2
263 384 -520
263 385 -617
263 357 -586
263 354 -622
263 386 -586
264 387 -10
264 362 -5
264 359 -5
264 388 -5
264 389 -2
265 390 -349
265 391 -451
265 392 -228
265 393 -394
265 394 -378
266 395 10
266 365 -5
266 364 -5
266 396 -5
266 397 -2
267 398 -10
267 394 -5
267 391 -5
267 399 -5
267 400 -2
268 401 -10
268 402 -5
268 403 -5
268 404 -5
268 405 -2
269 406 -5
269 407 -5
269 388 -5
269 408 -10
269 409 -2
270 410 -10
270 399 -5
270 398 -5
270 411 -5
270 412 -2
271 413 -5
271 414 -5
271 415 -10
271 416 -5
271 417 -2
272 418 -459
272 419 -494
272 420 -570
272 421 -480
273 422 -5
273 411 -10
273 410 -5
273 423 -5
273 424 -2
274 411 -5
274 425 -5
274 399 -10
274 426 -5
274 427 -2
275 428 -5
275 429 -1
275 430 -10
275 431 -1
275 432 -2
276 429 -1
276 433 -5
276 434 -1
276 435 -10
276 436 -2
277 416 -10
277 437 -1
277 414 -5
277 438 -5
277 439 -2
278 440 -436
278 421 -480
278 441 -459
278 419 -494
278 442 -459
279 443 -5
279 423 -5
279 422 -10
279 444 -5
279 445 -2
280 444 -10
280 446 -5
280 423 -5
280 447 -5
280 448 -2
281 449 -5
281 450 -1
281 438 -5
281 451 -10
281 452 -2
282 453 -403
282 454 -447
282 455 -428
282 442 -459
282 456 -428
283 447 -10
283 457 -5
283 446 -5
283 458 -5
283 459 -2
284 460 -10
284 461 -5
284 462 -5
284 463 -5
284 464 -2
285 465 -10
285 466 -5
285 463 -5
285 467 -5
285 468 -2
286 469 -1
286 470 -5
286 471 -10
286 472 -5
286 473 -2
287 472 -3
287 474 -3
287 470 -3
287 475 -3
287 476 -2
288 475 -3
288 472 -3
288 477 -2
0 239 0
1 240 0
2 241 0
3 242 0
4 243 0
5 244 0
6 245 0
7 246 0
8 247 0
9 248 0
10 249 0
11 250 0
12 251 0
13 252 0
14 253 0
15 254 0
16 255 0
17 256 0
18 257 0
19 258 0
20 259 0
21 260 0
22 261 0
23 262 0
24 263 0
25 264 0
26 265 0
27 266 0
28 267 0
29 268 0
30 269 0
31 270 0
32 271 0
33 272 0
34 273 0
35 274 0
36 275 0
37 276 0
38 277 0
39 278 0
40 279 0
41 280 0
42 281 0
43 282 0
44 283 0
45 284 0
46 285 0
47 286 0
48 287 0
49 288 0
50 289 0
51 290 0
52 291 0
53 292 0
54 293 0
55 294 0
56 295 0
57 296 0
58 297 0
59 298 0
60 299 0
61 300 0
62 301 0
63 302 0
64 303 0
65 304 0
66 305 0
67 306 0
68 307 0
69 308 0
70 309 0
71 310 0
72 311 0
73 312 0
74 313 0
75 314 0
76 315 0
77 316 0
78 317 0
79 318 0
80 319 0
81 320 0
82 321 0
83 322 0
84 323 0
85 324 0
86 325 0
87 326 0
88 327 0
89 328 0
90 329 0
91 330 0
92 331 0
93 332 0
94 333 0
95 334 0
96 335 0
97 336 0
98 337 0
99 338 0
100 339 0
101 340 0
102 341 0
103 342 0
104 343 0
105 344 0
106 345 0
107 346 0
108 347 0
109 348 0
110 349 0
111 350 0
112 351 0
113 352 0
114 353 0
115 354 0
116 355 0
117 356 0
118 357 0
119 358 0
120 359 0
121 360 0
122 361 0
123 362 0
124 363 0
125 364 0
126 365 0
127 366 0
128 367 0
129 368 0
130 369 0
131 370 0
132 371 0
133 372 0
134 373 0
135 374 0
136 375 0
137 376 0
138 377 0
139 378 0
140 379 0
141 380 0
142 381 0
143 382 0
144 383 0
145 384 0
146 385 0
147 386 0
148 387 0
149 388 0
150 389 0
151 390 0
152 391 0
153 392 0
154 393 0
155 394 0
156 395 0
157 396 0
158 397 0
159 398 0
160 399 0
161 400 0
162 401 0
163 402 0
164 403 0
165 404 0
166 405 0
167 406 0
168 407 0
169 408 0
170 409 0
171 410 0
172 411 0
173 412 0
174 413 0
175 414 0
176 415 0
177 416 0
178 417 0
179 418 0
180 419 0
181 420 0
182 421 0
183 422 0
184 423 0
185 424 0
186 425 0
187 426 0
188 427 0
189 428 0
190 429 0
191 430 0
192 431 0
193 432 0
194 433 0
195 434 0
196 435 0
197 436 0
198 437 0
199 438 0
200 439 0
201 440 0
202 441 0
203 442 0
204 443 0
205 444 0
206 445 0
207 446 0
208 447 0
209 448 0
210 449 0
211 450 0
212 451 0
213 452 0
214 453 0
215 454 0
216 455 0
217 456 0
218 457 0
219 458 0
220 459 0
221 460 0
222 461 0
223 462 0
224 463 0
225 464 0
226 465 0
227 466 0
228 467 0
229 468 0
230 469 0
231 470 0
232 471 0
233 472 0
234 473 0
235 474 0
236 475 0
237 476 0
238 477 0
