44 58
0 4 -368
0 5 -617
0 6 -611
0 7 -279
1 8 -395
1 9 -453
1 10 -637
1 11 -434
1 12 -657
2 13 -428
2 14 -478
2 15 -465
2 16 -690
3 17 -467
3 18 -718
3 19 -704
3 20 -503
3 21 -732
22 26 -368
22 27 -617
22 28 -611
22 29 -279
23 30 -395
23 31 -453
23 32 -637
23 33 -434
23 34 -657
24 35 -428
24 36 -478
24 37 -465
24 38 -690
25 39 -467
25 40 -718
25 41 -704
25 42 -503
25 43 -732
0 22 0
1 23 0
2 24 0
3 25 0
4 26 0
5 27 0
6 28 0
7 29 0
8 30 0
9 31 0
10 32 0
11 33 0
12 34 0
13 35 0
14 36 0
15 37 0
16 38 0
17 39 0
18 40 0
19 41 0
20 42 0
21 43 0
