456 714
0 50 -10
0 51 -2
0 52 -2
0 53 -5
0 54 -2
1 51 -2
1 55 -5
1 56 -10
1 57 -2
1 58 -2
2 59 -10
2 53 -5
2 50 -5
2 60 -5
2 61 -2
3 62 -2
3 60 -5
3 59 -10
3 63 -5
3 64 -2
4 63 -5
4 65 -5
4 60 -10
4 66 -5
4 67 -2
5 68 -2
5 66 -5
5 63 -10
5 69 -5
5 70 -2
6 71 -10
6 72 -5
6 73 -5
6 74 -5
6 75 -2
7 69 -5
7 76 -10
7 66 -5
7 77 -5
7 78 -2
8 76 -5
8 79 -10
8 80 -5
8 81 -5
8 82 -2
9 77 -3
9 81 -3
9 76 -3
9 83 -3
9 84 -2
10 85 -2
10 86 -10
10 74 -5
10 87 -2
10 88 -2
11 89 -598
11 90 -651
11 91 -687
11 92 -697
11 93 -703
12 83 -5
12 94 -10
12 81 -5
12 95 -5
12 96 -2
13 97 -10
13 98 -5
13 99 -5
13 100 -5
13 101 -2
14 102 -2
14 103 -10
14 104 -5
14 105 -5
14 106 -1
15 103 -5
15 95 -10
15 83 -5
15 107 -5
15 108 -2
16 109 -5
16 110 -10
16 111 -5
16 112 -5
16 113 -2
17 114 -611
17 110 -693
17 115 -683
17 116 -666
18 117 -628
18 115 -683
18 118 -668
18 93 -703
18 119 -682
19 120 -5
19 112 -5
19 109 -5
19 121 -10
19 122 -2
20 123 -583
20 124 -690
20 125 -609
20 126 -632
21 127 -621
21 128 -655
21 129 -671
21 116 -666
21 130 -706
22 131 -638
22 129 -671
22 119 -682
22 132 -673
23 133 -608
23 134 -689
23 130 -706
23 128 -655
23 135 -643
24 136 -509
24 137 -578
24 138 -622
24 139 -544
25 140 -10
25 135 -5
25 134 -5
25 141 -5
25 142 -2
26 143 -609
26 144 -690
26 145 -650
26 132 -673
26 146 -666
27 145 -5
27 147 -10
27 148 -2
27 149 -5
27 150 -2
28 151 -5
28 152 -10
28 153 -5
28 154 -5
28 155 -2
29 152 -5
29 156 -10
29 157 -5
29 158 -5
29 159 -2
30 156 -5
30 160 -10
30 161 -5
30 162 -5
30 163 -2
31 160 -5
31 139 -10
31 137 -5
31 164 -5
31 165 -2
32 166 -5
32 141 -10
32 140 -5
32 167 -5
32 168 -2
33 169 -596
33 170 -645
33 146 -666
33 144 -690
33 171 -691
34 172 -3
34 173 -3
34 174 -3
34 175 -2
35 176 -3
35 177 -3
35 178 -3
35 179 -3
35 180 -2
36 177 -3
36 181 -3
36 182 -3
36 183 -3
36 184 -2
37 185 -5
37 186 -10
37 187 -5
37 188 -5
37 189 -2
38 190 -5
38 191 -10
38 192 -5
38 193 -5
38 194 -2
39 174 -3
39 195 -3
39 172 -3
39 196 -3
39 197 -2
40 196 -3
40 174 -3
40 198 -3
40 199 -2
41 200 -5
41 201 -10
41 188 -5
41 202 -5
41 203 -2
42 198 -3
42 204 -3
42 196 -3
42 205 -3
42 206 -2
43 207 -10
43 202 -5
43 200 -5
43 208 -5
43 209 -2
44 210 -5
44 208 -5
44 207 -5
44 211 -10
44 212 -2
45 208 -5
45 213 -10
45 202 -5
45 214 -5
45 215 -2
46 216 -3
46 217 -3
46 205 -3
46 218 -3
46 219 -2
47 220 -5
47 211 -10
47 210 -5
47 221 -5
47 222 -2
48 214 -5
48 223 -10
48 213 -5
48 224 -5
48 225 -2
49 218 -3
49 216 -3
49 226 -3
49 227 -2
228 278 -10
228 279 -2
228 280 -2
228 281 -5
228 282 -2
229 279 -2
229 283 -5
229 284 -10
229 285 -2
229 286 -2
230 287 -10
230 281 -5
230 278 -5
230 288 -5
230 289 -2
231 290 -2
231 288 -5
231 287 -10
231 291 -5
231 292 -2
232 291 -5
232 293 -5
232 288 -10
232 294 -5
232 295 -2
233 296 -2
233 294 -5
233 291 -10
233 297 -5
233 298 -2
234 299 -10
234 300 -5
234 301 -5
234 302 -5
234 303 -2
235 297 -5
235 304 -10
235 294 -5
235 305 -5
235 306 -2
236 304 -5
236 307 -10
236 308 -5
236 309 -5
236 310 -2
237 305 -3
237 309 -3
237 304 -3
237 311 -3
237 312 -2
238 313 -2
238 314 -10
238 302 -5
238 315 -2
238 316 -2
239 317 -598
239 318 -651
239 319 -687
239 320 -697
239 321 -703
240 311 -5
240 322 -10
240 309 -5
240 323 -5
240 324 -2
241 325 -10
241 326 -5
241 327 -5
241 328 -5
241 329 -2
242 330 -2
242 331 -10
242 332 -5
242 333 -5
242 334 -1
243 331 -5
243 323 -10
243 311 -5
243 335 -5
243 336 -2
244 337 -5
244 338 -10
244 339 -5
244 340 -5
244 341 -2
245 342 -611
245 338 -693
245 343 -683
245 344 -666
246 345 -628
246 343 -683
246 346 -668
246 321 -703
246 347 -682
247 348 -5
247 340 -5
247 337 -5
247 349 -10
247 350 -2
248 351 -583
248 352 -690
248 353 -609
248 354 -632
249 355 -621
249 356 -655
249 357 -671
249 344 -666
249 358 -706
250 359 -638
250 357 -671
250 347 -682
250 360 -673
251 361 -608
251 362 -689
251 358 -706
251 356 -655
251 363 -643
252 364 -509
252 365 -578
252 366 -622
252 367 -544
253 368 -10
253 363 -5
253 362 -5
253 369 -5
253 370 -2
254 371 -609
254 372 -690
254 373 -650
254 360 -673
254 374 -666
255 373 -5
255 375 -10
255 376 -2
255 377 -5
255 378 -2
256 379 -5
256 380 -10
256 381 -5
256 382 -5
256 383 -2
257 380 -5
257 384 -10
257 385 -5
257 386 -5
257 387 -2
258 384 -5
258 388 -10
258 389 -5
258 390 -5
258 391 -2
259 388 -5
259 367 -10
259 365 -5
259 392 -5
259 393 -2
260 394 -5
260 369 -10
260 368 -5
260 395 -5
260 396 -2
261 397 -596
261 398 -645
261 374 -666
261 372 -690
261 399 -691
262 400 -3
262 401 -3
262 402 -3
262 403 -2
263 404 -3
263 405 -3
263 406 -3
263 407 -3
263 408 -2
264 405 -3
264 409 -3
264 410 -3
264 411 -3
264 412 -2
265 413 -5
265 414 -10
265 415 -5
265 416 -5
265 417 -2
266 418 -5
266 419 -10
266 420 -5
266 421 -5
266 422 -2
267 402 -3
267 423 -3
267 400 -3
267 424 -3
267 425 -2
268 424 -3
268 402 -3
268 426 -3
268 427 -2
269 428 -5
269 429 -10
269 416 -5
269 430 -5
269 431 -2
270 426 -3
270 432 -3
270 424 -3
270 433 -3
270 434 -2
271 435 -10
271 430 -5
271 428 -5
271 436 -5
271 437 -2
272 438 -5
272 436 -5
272 435 -5
272 439 -10
272 440 -2
273 436 -5
273 441 -10
273 430 -5
273 442 -5
273 443 -2
274 444 -3
274 445 -3
274 433 -3
274 446 -3
274 447 -2
275 448 -5
275 439 -10
275 438 -5
275 449 -5
275 450 -2
276 442 -5
276 451 -10
276 441 -5
276 452 -5
276 453 -2
277 446 -3
277 444 -3
277 454 -3
277 455 -2
0 228 0
1 229 0
2 230 0
3 231 0
4 232 0
5 233 0
6 234 0
7 235 0
8 236 0
9 237 0
10 238 0
11 239 0
12 240 0
13 241 0
14 242 0
15 243 0
16 244 0
17 245 0
18 246 0
19 247 0
20 248 0
21 249 0
22 250 0
23 251 0
24 252 0
25 253 0
26 254 0
27 255 0
28 256 0
29 257 0
30 258 0
31 259 0
32 260 0
33 261 0
34 262 0
35 263 0
36 264 0
37 265 0
38 266 0
39 267 0
40 268 0
41 269 0
42 270 0
43 271 0
44 272 0
45 273 0
46 274 0
47 275 0
48 276 0
49 277 0
50 278 0
51 279 0
52 280 0
53 281 0
54 282 0
55 283 0
56 284 0
57 285 0
58 286 0
59 287 0
60 288 0
61 289 0
62 290 0
63 291 0
64 292 0
65 293 0
66 294 0
67 295 0
68 296 0
69 297 0
70 298 0
71 299 0
72 300 0
73 301 0
74 302 0
75 303 0
76 304 0
77 305 0
78 306 0
79 307 0
80 308 0
81 309 0
82 310 0
83 311 0
84 312 0
85 313 0
86 314 0
87 315 0
88 316 0
89 317 0
90 318 0
91 319 0
92 320 0
93 321 0
94 322 0
95 323 0
96 324 0
97 325 0
98 326 0
99 327 0
100 328 0
101 329 0
102 330 0
103 331 0
104 332 0
105 333 0
106 334 0
107 335 0
108 336 0
109 337 0
110 338 0
111 339 0
112 340 0
113 341 0
114 342 0
115 343 0
116 344 0
117 345 0
118 346 0
119 347 0
120 348 0
121 349 0
122 350 0
123 351 0
124 352 0
125 353 0
126 354 0
127 355 0
128 356 0
129 357 0
130 358 0
131 359 0
132 360 0
133 361 0
134 362 0
135 363 0
136 364 0
137 365 0
138 366 0
139 367 0
140 368 0
141 369 0
142 370 0
143 371 0
144 372 0
145 373 0
146 374 0
147 375 0
148 376 0
149 377 0
150 378 0
151 379 0
152 380 0
153 381 0
154 382 0
155 383 0
156 384 0
157 385 0
158 386 0
159 387 0
160 388 0
161 389 0
162 390 0
163 391 0
164 392 0
165 393 0
166 394 0
167 395 0
168 396 0
169 397 0
170 398 0
171 399 0
172 400 0
173 401 0
174 402 0
175 403 0
176 404 0
177 405 0
178 406 0
179 407 0
180 408 0
181 409 0
182 410 0
183 411 0
184 412 0
185 413 0
186 414 0
187 415 0
188 416 0
189 417 0
190 418 0
191 419 0
192 420 0
193 421 0
194 422 0
195 423 0
196 424 0
197 425 0
198 426 0
199 427 0
200 428 0
201 429 0
202 430 0
203 431 0
204 432 0
205 433 0
206 434 0
207 435 0
208 436 0
209 437 0
210 438 0
211 439 0
212 440 0
213 441 0
214 442 0
215 443 0
216 444 0
217 445 0
218 446 0
219 447 0
220 448 0
221 449 0
222 450 0
223 451 0
224 452 0
225 453 0
226 454 0
227 455 0
