388 630
0 46 -257
0 47 -440
0 48 -446
0 49 -462
1 50 -234
1 51 -424
1 52 -412
1 53 -437
2 54 -435
2 55 -467
2 56 -475
2 49 -462
2 57 -487
3 58 -411
3 59 -451
3 60 -437
3 53 -437
3 61 -466
4 62 -459
4 63 -489
4 64 -499
4 57 -487
4 65 -512
5 66 -442
5 67 -482
5 68 -466
5 61 -466
5 69 -499
6 65 -472
6 70 -501
6 71 -513
6 62 -499
6 72 -525
7 73 -478
7 74 -518
7 75 -499
7 69 -499
7 76 -538
8 77 -385
8 78 -466
8 79 -432
8 80 -469
8 81 -432
9 82 -499
9 83 -525
9 84 -542
9 72 -525
9 85 -556
10 86 -520
10 87 -561
10 88 -538
10 76 -538
10 89 -584
11 90 -534
11 91 -556
11 92 -578
11 85 -556
11 93 -594
12 94 -345
12 89 -584
12 87 -561
12 95 -612
13 96 -494
13 97 -518
13 98 -552
13 99 -518
13 100 -552
14 101 -570
14 95 -662
14 89 -584
14 102 -639
15 103 -415
15 104 -293
15 105 -466
15 106 -446
15 107 -458
16 108 -438
16 105 -466
16 109 -491
16 110 -468
16 111 -482
17 112 -464
17 109 -491
17 113 -568
17 114 -491
17 115 -509
18 116 -294
18 113 -518
18 100 -552
18 97 -518
18 117 -541
19 118 -576
19 119 -643
19 120 -623
19 93 -594
19 121 -627
20 122 -577
20 123 -626
20 124 -610
20 125 -647
20 126 -625
21 127 -543
21 124 -610
21 128 -646
21 129 -637
21 130 -636
22 131 -485
22 115 -509
22 117 -541
22 113 -568
23 132 -562
23 133 -580
23 121 -627
23 119 -643
24 134 -593
24 121 -627
24 135 -641
24 120 -623
24 136 -639
25 137 -545
25 135 -641
25 138 -678
25 139 -666
25 140 -681
26 141 -588
26 138 -678
26 142 -636
26 102 -639
26 143 -653
27 144 -594
27 136 -639
27 121 -627
27 145 -639
28 146 -584
28 136 -639
28 140 -681
28 135 -641
28 147 -648
29 148 -371
29 140 -631
29 143 -653
29 138 -628
29 149 -656
30 150 -393
30 147 -648
30 149 -656
30 140 -631
30 151 -659
31 152 -613
31 149 -706
31 143 -653
31 153 -657
32 154 -580
32 155 -661
32 156 -632
32 157 -630
33 158 -407
33 156 -632
33 159 -650
33 145 -639
33 160 -656
34 161 -613
34 159 -700
34 151 -659
34 147 -648
34 162 -659
35 163 -419
35 151 -659
35 153 -657
35 149 -656
35 164 -664
36 165 -560
36 166 -660
36 157 -630
36 155 -661
36 167 -631
37 168 -618
37 160 -656
37 162 -659
37 159 -700
37 169 -692
38 170 -624
38 162 -659
38 164 -664
38 151 -659
39 171 -423
39 164 -664
39 172 -645
39 153 -657
39 173 -694
40 174 -601
40 169 -692
40 160 -656
40 175 -678
41 176 -604
41 173 -694
41 164 -664
41 177 -626
42 178 -587
42 177 -626
42 179 -655
42 173 -694
42 180 -662
43 181 -553
43 180 -662
43 182 -624
43 179 -655
43 183 -582
44 184 -534
44 185 -609
44 186 -641
44 187 -583
44 188 -619
45 189 -527
45 190 -583
45 191 -602
45 192 -574
45 193 -613
194 240 -257
194 241 -440
194 242 -446
194 243 -462
195 244 -234
195 245 -424
195 246 -412
195 247 -437
196 248 -435
196 249 -467
196 250 -475
196 243 -462
196 251 -487
197 252 -411
