1022 1935
0 163 -1
0 164 -10
1 165 -1
1 164 -10
1 166 -10
2 167 -1
2 166 -10
2 168 -10
3 169 -1
3 166 -10
3 164 -10
3 170 -10
4 171 -1
4 168 -10
4 172 -10
5 173 -1
5 168 -10
5 170 -10
5 166 -10
5 174 -10
6 175 -1
6 172 -10
6 176 -10
7 177 -1
7 172 -10
7 174 -10
7 168 -10
7 178 -10
8 179 -1
8 174 -10
8 170 -10
8 180 -10
9 181 -1
9 176 -10
9 182 -10
10 183 -1
10 176 -10
10 178 -10
10 172 -10
10 184 -10
11 185 -1
11 178 -10
11 180 -10
11 174 -10
11 186 -10
12 187 -1
12 182 -10
12 188 -10
13 189 -1
13 182 -10
13 184 -10
13 176 -10
13 190 -10
14 191 -1
14 184 -10
14 186 -10
14 178 -10
14 192 -10
15 193 -1
15 186 -10
15 180 -10
15 194 -10
16 195 -1
16 188 -10
16 196 -10
17 197 -1
17 188 -10
17 190 -10
17 182 -10
17 198 -10
18 199 -1
18 190 -10
18 192 -10
18 184 -10
18 200 -10
19 201 -1
19 192 -10
19 194 -10
19 186 -10
19 202 -10
20 203 -1
20 204 -10
20 205 -10
20 206 -10
20 207 -10
21 208 -1
21 205 -10
21 209 -10
21 210 -10
22 211 -1
22 212 -10
22 213 -10
22 214 -10
22 215 -10
23 216 -1
23 196 -10
23 217 -10
24 218 -1
24 196 -10
24 198 -10
24 188 -10
24 219 -10
25 220 -1
25 198 -10
25 200 -10
25 190 -10
25 221 -10
26 222 -1
26 200 -10
26 202 -10
26 192 -10
26 223 -10
27 224 -1
27 202 -10
27 194 -10
27 225 -10
28 226 -1
28 207 -10
28 210 -10
28 205 -10
28 227 -10
29 228 -1
29 215 -10
29 212 -10
29 229 -10
30 230 -1
30 217 -10
30 231 -10
31 232 -1
31 217 -10
31 219 -10
31 196 -10
31 233 -10
32 234 -1
32 219 -10
32 221 -10
32 198 -10
32 235 -10
33 236 -1
33 221 -10
33 223 -10
33 200 -10
33 237 -10
34 238 -1
34 223 -10
34 225 -10
34 202 -10
34 239 -10
35 240 -1
35 241 -10
35 242 -10
35 243 -10
35 244 90
36 245 -1
36 227 -10
36 210 -10
36 246 -10
37 247 -1
37 229 -10
37 215 -10
37 248 -10
38 249 -1
38 231 -10
38 250 -10
39 251 -1
39 231 -10
39 233 -10
39 217 -10
39 252 -10
40 253 -1
40 233 -10
40 235 -10
40 219 -10
40 254 -10
41 255 -1
41 235 -10
41 237 -10
41 221 -10
41 256 -10
42 257 -1
42 237 -10
42 239 -10
42 223 -10
42 258 -10
43 259 -1
43 239 -10
43 225 -10
43 260 -10
44 261 -1
44 244 90
44 241 -10
44 262 -10
45 263 -1
45 244 90
45 264 -10
45 242 -10
45 265 -10
46 266 -1
46 264 -10
46 267 -10
46 268 -10
46 269 -10
47 270 -1
47 267 -10
47 271 -10
47 272 -10
47 273 -10
48 274 -1
48 271 -10
48 275 -10
48 276 -10
48 277 -10
49 278 -1
49 275 -10
49 279 -10
49 280 -10
49 281 -10
50 282 -1
50 279 -10
50 246 -10
50 227 -10
50 283 -10
51 284 -1
51 246 -10
51 285 -10
51 286 -10
52 287 -1
52 285 -10
52 248 -10
52 229 -10
52 288 -10
53 289 -1
53 248 -10
53 250 -10
53 290 -10
54 291 -1
54 250 -10
54 252 -10
54 231 -10
54 292 -10
55 293 -1
55 252 -10
55 254 -10
55 233 -10
55 294 -10
56 295 -1
56 254 -10
56 256 -10
56 235 -10
56 296 -10
57 297 -1
57 256 -10
57 258 -10
57 237 -10
57 298 -10
58 299 99
58 258 -10
58 260 -10
58 239 -10
58 300 -10
59 301 -1
59 262 -10
59 265 -10
59 244 90
60 302 -1
60 265 -10
60 269 -10
60 264 -10
61 303 -1
61 269 -10
61 273 -10
61 267 -10
62 304 -1
62 273 -10
62 277 -10
62 271 -10
63 305 -1
63 277 -10
63 281 -10
63 275 -10
64 306 -1
64 281 -10
64 283 -10
64 279 -10
65 307 -1
65 283 -10
65 286 -10
65 246 -10
65 308 -10
66 309 -1
66 286 -10
66 288 -10
66 285 -10
66 310 -10
67 311 -1
67 288 -10
67 290 -10
67 248 -10
67 312 -10
68 313 -1
68 290 -10
68 292 -10
68 250 -10
69 314 -1
69 292 -10
69 294 -10
69 252 -10
70 315 -1
70 296 -10
70 298 -10
70 256 -10
71 316 -1
71 298 -10
71 300 -10
71 258 -10
72 317 -1
72 300 -10
72 260 -10
73 318 -1
73 308 -10
73 283 -10
73 319 -10
74 320 -1
74 308 -10
74 310 -10
74 286 -10
74 321 -10
75 322 -1
75 310 -10
75 312 -10
75 288 -10
75 323 -10
76 324 -1
76 319 -10
76 321 -10
76 308 -10
76 325 -10
77 326 -1
77 321 -10
77 323 -10
77 310 -10
77 327 -10
78 328 -1
78 323 -10
78 312 -10
78 329 -10
79 330 -1
79 331 -10
79 332 -10
80 333 -1
80 331 -10
80 334 -10
80 335 -10
81 336 -1
81 334 -10
81 337 -10
81 338 -10
82 339 -1
82 337 -10
82 340 -10
82 341 -10
83 342 -1
83 340 -10
83 343 -10
83 344 -10
84 345 -1
84 343 -10
84 346 -10
84 347 -10
85 348 -1
85 346 -10
85 325 -10
85 319 -10
85 349 -10
86 350 -1
86 325 -10
86 327 -10
86 321 -10
86 351 -10
87 352 -1
87 327 -10
87 329 -10
87 323 -10
87 353 -10
88 354 99
88 332 -10
88 335 -10
88 331 -10
88 355 -10
89 356 -1
89 335 -10
89 338 -10
89 334 -10
89 357 -10
90 358 -1
90 338 -10
90 341 -10
90 337 -10
90 359 -10
91 360 -1
91 341 -10
91 344 -10
91 340 -10
91 361 -10
92 362 -1
92 344 -10
92 347 -10
92 343 -10
92 363 -10
93 364 -1
93 347 -10
93 349 -10
93 346 -10
94 365 -1
94 349 -10
94 351 -10
94 325 -10
94 366 -10
95 367 -1
95 351 -10
95 353 -10
95 327 -10
96 368 -1
96 353 -10
96 369 -10
96 329 -10
96 370 -10
97 371 -1
97 369 -10
97 372 -10
97 373 -10
97 374 -10
98 375 -1
98 355 -10
98 332 -10
98 376 -10
99 377 -1
99 355 -10
99 357 -10
99 335 -10
99 378 -10
100 379 -1
100 357 -10
100 359 -10
100 338 -10
100 380 -10
101 381 -1
101 359 -10
101 361 -10
101 341 -10
101 382 -10
102 383 -1
102 361 -10
102 363 -10
102 344 -10
102 384 -10
103 385 -1
103 363 -10
103 347 -10
104 386 -1
104 366 -10
104 349 -10
104 387 -10
105 388 -1
105 370 -10
105 353 -10
105 389 -10
106 390 -1
106 376 -10
106 378 -10
106 355 -10
106 391 -10
107 392 -1
107 378 -10
107 380 -10
107 357 -10
107 393 -10
108 394 -1
108 380 -10
108 382 -10
108 359 -10
108 395 -10
109 396 -1
109 382 -10
109 384 -10
109 361 -10
109 397 -10
110 398 -1
110 384 -10
110 363 -10
111 399 -1
111 389 -10
111 400 -10
111 370 -10
111 401 -10
112 402 -1
112 391 -10
112 376 -10
112 403 -10
113 404 -1
113 391 -10
113 393 -10
113 378 -10
113 405 -10
114 406 -1
114 393 -10
114 395 -10
114 380 -10
114 407 -10
115 408 -1
115 395 -10
115 397 -10
115 382 -10
115 409 -10
116 410 -1
116 411 -10
116 412 -10
117 413 -1
117 401 -10
117 389 -10
117 414 -10
118 415 -1
118 401 -10
118 416 -10
118 400 -10
118 417 -10
119 418 -1
119 403 -10
119 405 -10
119 391 -10
119 419 -10
120 420 -1
120 405 -10
120 407 -10
120 393 -10
120 421 -10
121 422 -1
121 407 -10
121 409 -10
121 395 -10
121 423 -10
122 424 -1
122 409 -10
122 397 -10
123 425 -1
123 412 -10
123 426 -10
124 427 -1
124 414 -10
124 417 -10
124 401 -10
124 428 -10
125 429 -1
125 417 -10
125 430 -10
125 416 -10
125 431 -10
126 432 -1
126 419 -10
126 403 -10
126 433 -10
127 434 -1
127 419 -10
127 421 -10
127 405 -10
127 435 -10
128 436 -1
128 421 -10
128 423 -10
128 407 -10
128 437 -10
129 438 -1
129 426 -10
129 439 -10
130 440 -1
130 428 -10
130 414 -10
130 441 -10
131 442 -1
131 428 -10
131 431 -10
131 417 -10
131 443 -10
132 444 -1
132 431 -10
132 445 -10
132 430 -10
132 446 -10
133 447 -1
133 433 -10
133 435 -10
133 419 -10
133 448 -10
134 449 -1
134 435 -10
134 437 -10
134 421 -10
134 450 -10
135 451 -1
135 437 -10
135 423 -10
136 452 -1
136 439 -10
136 453 -10
137 454 -1
137 441 -10
137 443 -10
137 428 -10
137 455 -10
138 456 -1
138 443 -10
138 446 -10
138 431 -10
138 457 -10
139 458 -1
139 446 -10
139 459 -10
139 445 -10
139 460 -10
140 461 -1
140 448 -10
140 433 -10
140 462 -10
141 463 -1
141 448 -10
141 450 -10
141 435 -10
141 464 -10
142 465 -1
142 453 -10
142 466 -10
143 467 -1
143 455 -10
143 441 -10
143 468 -10
144 469 -1
144 466 -10
144 470 -10
145 471 -1
145 468 -10
145 472 -10
145 455 -10
145 473 -10
146 474 -1
146 470 -10
146 475 -10
147 476 -1
147 473 -10
147 468 -10
147 477 -10
148 478 -1
148 473 -10
148 479 -10
148 472 -10
148 480 -10
149 481 -1
149 475 -10
149 482 -10
150 483 -1
150 477 -10
150 480 -10
150 473 -10
150 484 90
151 485 -1
151 480 -10
151 486 -10
151 479 -10
151 487 -10
152 488 -1
152 486 -10
152 489 -10
152 490 -10
152 491 -10
153 492 -1
153 482 -10
153 493 -10
154 494 -1
154 484 90
154 477 -10
154 495 -10
155 496 -1
155 484 90
155 487 -10
155 480 -10
155 497 -10
156 498 -1
156 487 -10
156 491 -10
156 486 -10
156 499 -10
157 500 -1
157 493 -10
158 501 -1
158 495 -10
158 497 -10
158 484 90
159 502 -1
159 497 -10
159 499 -10
159 487 -10
160 503 -1
160 499 -10
160 504 -10
160 491 -10
161 505 -1
161 504 -10
161 506 -10
161 507 -10
162 508 -1
162 506 -10
162 509 -10
162 510 -10
511 674 -1
511 675 -10
512 676 -1
512 675 -10
512 677 -10
513 678 -1
513 677 -10
513 679 -10
514 680 -1
514 677 -10
514 675 -10
514 681 -10
515 682 -1
515 679 -10
515 683 -10
516 684 -1
516 679 -10
516 681 -10
516 677 -10
516 685 -10
517 686 -1
517 683 -10
517 687 -10
518 688 -1
518 683 -10
518 685 -10
518 679 -10
518 689 -10
519 690 -1
519 685 -10
519 681 -10
519 691 -10
520 692 -1
520 687 -10
520 693 -10
521 694 -1
521 687 -10
521 689 -10
521 683 -10
521 695 -10
522 696 -1
522 689 -10
522 691 -10
522 685 -10
522 697 -10
523 698 -1
523 693 -10
523 699 -10
524 700 -1
524 693 -10
524 695 -10
524 687 -10
524 701 -10
525 702 -1
525 695 -10
525 697 -10
525 689 -10
525 703 -10
526 704 -1
526 697 -10
526 691 -10
526 705 -10
527 706 -1
527 699 -10
527 707 -10
528 708 -1
528 699 -10
528 701 -10
528 693 -10
528 709 -10
529 710 -1
529 701 -10
529 703 -10
529 695 -10
529 711 -10
530 712 -1
530 703 -10
530 705 -10
530 697 -10
530 713 -10
531 714 -1
531 715 -10
531 716 -10
531 717 -10
531 718 -10
532 719 -1
532 716 -10
532 720 -10
532 721 -10
533 722 -1
533 723 -10
533 724 -10
533 725 -10
533 726 -10
534 727 -1
534 707 -10
534 728 -10
535 729 -1
535 707 -10
535 709 -10
535 699 -10
535 730 -10
536 731 -1
536 709 -10
536 711 -10
536 701 -10
536 732 -10
537 733 -1
537 711 -10
537 713 -10
537 703 -10
537 734 -10
538 735 -1
538 713 -10
538 705 -10
538 736 -10
539 737 -1
539 718 -10
539 721 -10
539 716 -10
539 738 -10
540 739 -1
540 726 -10
540 723 -10
540 740 -10
541 741 -1
541 728 -10
541 742 -10
542 743 -1
542 728 -10
542 730 -10
542 707 -10
542 744 -10
543 745 -1
543 730 -10
543 732 -10
543 709 -10
543 746 -10
544 747 -1
544 732 -10
544 734 -10
544 711 -10
544 748 -10
545 749 -1
545 734 -10
545 736 -10
545 713 -10
545 750 -10
546 751 -1
546 752 -10
546 753 -10
546 754 -10
546 755 90
547 756 -1
547 738 -10
547 721 -10
547 757 -10
548 758 -1
548 740 -10
548 726 -10
548 759 -10
549 760 -1
549 742 -10
549 761 -10
550 762 -1
550 742 -10
550 744 -10
550 728 -10
550 763 -10
551 764 -1
551 744 -10
551 746 -10
551 730 -10
551 765 -10
552 766 -1
552 746 -10
552 748 -10
552 732 -10
552 767 -10
553 768 -1
553 748 -10
553 750 -10
553 734 -10
553 769 -10
554 770 -1
554 750 -10
554 736 -10
554 771 -10
555 772 -1
555 755 90
555 752 -10
555 773 -10
556 774 -1
556 755 90
556 775 -10
556 753 -10
556 776 -10
557 777 -1
557 775 -10
557 778 -10
557 779 -10
557 780 -10
558 781 -1
558 778 -10
558 782 -10
558 783 -10
558 784 -10
559 785 -1
559 782 -10
559 786 -10
559 787 -10
559 788 -10
560 789 -1
560 786 -10
560 790 -10
560 791 -10
560 792 -10
561 793 -1
561 790 -10
561 757 -10
561 738 -10
561 794 -10
562 795 -1
562 757 -10
562 796 -10
562 797 -10
563 798 -1
563 796 -10
563 759 -10
563 740 -10
563 799 -10
564 800 -1
564 759 -10
564 761 -10
564 801 -10
565 802 -1
565 761 -10
565 763 -10
565 742 -10
565 803 -10
566 804 -1
566 763 -10
566 765 -10
566 744 -10
566 805 -10
567 806 -1
567 765 -10
567 767 -10
567 746 -10
567 807 -10
568 808 -1
568 767 -10
568 769 -10
568 748 -10
568 809 -10
569 810 99
569 769 -10
569 771 -10
569 750 -10
569 811 -10
570 812 -1
570 773 -10
570 776 -10
570 755 90
571 813 -1
571 776 -10
571 780 -10
571 775 -10
572 814 -1
572 780 -10
572 784 -10
572 778 -10
573 815 -1
573 784 -10
573 788 -10
573 782 -10
574 816 -1
574 788 -10
574 792 -10
574 786 -10
575 817 -1
575 792 -10
575 794 -10
575 790 -10
576 818 -1
576 794 -10
576 797 -10
576 757 -10
576 819 -10
577 820 -1
577 797 -10
577 799 -10
577 796 -10
577 821 -10
578 822 -1
578 799 -10
578 801 -10
578 759 -10
578 823 -10
579 824 -1
579 801 -10
579 803 -10
579 761 -10
580 825 -1
580 803 -10
580 805 -10
580 763 -10
581 826 -1
581 807 -10
581 809 -10
581 767 -10
582 827 -1
582 809 -10
582 811 -10
582 769 -10
583 828 -1
583 811 -10
583 771 -10
584 829 -1
584 819 -10
584 794 -10
584 830 -10
585 831 -1
585 819 -10
585 821 -10
585 797 -10
585 832 -10
586 833 -1
586 821 -10
586 823 -10
586 799 -10
586 834 -10
587 835 -1
587 830 -10
587 832 -10
587 819 -10
587 836 -10
588 837 -1
588 832 -10
588 834 -10
588 821 -10
588 838 -10
589 839 -1
589 834 -10
589 823 -10
589 840 -10
590 841 -1
590 842 -10
590 843 -10
591 844 -1
591 842 -10
591 845 -10
591 846 -10
592 847 -1
592 845 -10
592 848 -10
592 849 -10
593 850 -1
593 848 -10
593 851 -10
593 852 -10
594 853 -1
594 851 -10
594 854 -10
594 855 -10
595 856 -1
595 854 -10
595 857 -10
595 858 -10
596 859 -1
596 857 -10
596 836 -10
596 830 -10
596 860 -10
597 861 -1
597 836 -10
597 838 -10
597 832 -10
597 862 -10
598 863 -1
598 838 -10
598 840 -10
598 834 -10
598 864 -10
599 865 99
599 843 -10
599 846 -10
599 842 -10
599 866 -10
600 867 -1
600 846 -10
600 849 -10
600 845 -10
600 868 -10
601 869 -1
601 849 -10
601 852 -10
601 848 -10
601 870 -10
602 871 -1
602 852 -10
602 855 -10
602 851 -10
602 872 -10
603 873 -1
603 855 -10
603 858 -10
603 854 -10
603 874 -10
604 875 -1
604 858 -10
604 860 -10
604 857 -10
605 876 -1
605 860 -10
605 862 -10
605 836 -10
605 877 -10
606 878 -1
606 862 -10
606 864 -10
606 838 -10
607 879 -1
607 864 -10
607 880 -10
607 840 -10
607 881 -10
608 882 -1
608 880 -10
608 883 -10
608 884 -10
608 885 -10
609 886 -1
609 866 -10
609 843 -10
609 887 -10
610 888 -1
610 866 -10
610 868 -10
610 846 -10
610 889 -10
611 890 -1
611 868 -10
611 870 -10
611 849 -10
611 891 -10
612 892 -1
612 870 -10
612 872 -10
612 852 -10
612 893 -10
613 894 -1
613 872 -10
613 874 -10
613 855 -10
613 895 -10
614 896 -1
614 874 -10
614 858 -10
615 897 -1
615 877 -10
615 860 -10
615 898 -10
616 899 -1
616 881 -10
616 864 -10
616 900 -10
617 901 -1
617 887 -10
617 889 -10
617 866 -10
617 902 -10
618 903 -1
618 889 -10
618 891 -10
618 868 -10
618 904 -10
619 905 -1
619 891 -10
619 893 -10
619 870 -10
619 906 -10
620 907 -1
620 893 -10
620 895 -10
620 872 -10
620 908 -10
621 909 -1
621 895 -10
621 874 -10
622 910 -1
622 900 -10
622 911 -10
622 881 -10
622 912 -10
623 913 -1
623 902 -10
623 887 -10
623 914 -10
624 915 -1
624 902 -10
624 904 -10
624 889 -10
624 916 -10
625 917 -1
625 904 -10
625 906 -10
625 891 -10
625 918 -10
626 919 -1
626 906 -10
626 908 -10
626 893 -10
626 920 -10
627 921 -1
627 922 -10
627 923 -10
628 924 -1
628 912 -10
628 900 -10
628 925 -10
629 926 -1
629 912 -10
629 927 -10
629 911 -10
629 928 -10
630 929 -1
630 914 -10
630 916 -10
630 902 -10
630 930 -10
631 931 -1
631 916 -10
631 918 -10
631 904 -10
631 932 -10
632 933 -1
632 918 -10
632 920 -10
632 906 -10
632 934 -10
633 935 -1
633 920 -10
633 908 -10
634 936 -1
634 923 -10
634 937 -10
635 938 -1
635 925 -10
635 928 -10
635 912 -10
635 939 -10
636 940 -1
636 928 -10
636 941 -10
636 927 -10
636 942 -10
637 943 -1
637 930 -10
637 914 -10
637 944 -10
638 945 -1
638 930 -10
638 932 -10
638 916 -10
638 946 -10
639 947 -1
639 932 -10
639 934 -10
639 918 -10
639 948 -10
640 949 -1
640 937 -10
640 950 -10
641 951 -1
641 939 -10
641 925 -10
641 952 -10
642 953 -1
642 939 -10
642 942 -10
642 928 -10
642 954 -10
643 955 -1
643 942 -10
643 956 -10
643 941 -10
643 957 -10
644 958 -1
644 944 -10
644 946 -10
644 930 -10
644 959 -10
645 960 -1
645 946 -10
645 948 -10
645 932 -10
645 961 -10
646 962 -1
646 948 -10
646 934 -10
647 963 -1
647 950 -10
647 964 -10
648 965 -1
648 952 -10
648 954 -10
648 939 -10
648 966 -10
649 967 -1
649 954 -10
649 957 -10
649 942 -10
649 968 -10
650 969 -1
650 957 -10
650 970 -10
650 956 -10
650 971 -10
651 972 -1
651 959 -10
651 944 -10
651 973 -10
652 974 -1
652 959 -10
652 961 -10
652 946 -10
652 975 -10
653 976 -1
653 964 -10
653 977 -10
654 978 -1
654 966 -10
654 952 -10
654 979 -10
655 980 -1
655 977 -10
655 981 -10
656 982 -1
656 979 -10
656 983 -10
656 966 -10
656 984 -10
657 985 -1
657 981 -10
657 986 -10
658 987 -1
658 984 -10
658 979 -10
658 988 -10
659 989 -1
659 984 -10
659 990 -10
659 983 -10
659 991 -10
660 992 -1
660 986 -10
660 993 -10
661 994 -1
661 988 -10
661 991 -10
661 984 -10
661 995 90
662 996 -1
662 991 -10
662 997 -10
662 990 -10
662 998 -10
663 999 -1
663 997 -10
663 1000 -10
663 1001 -10
663 1002 -10
664 1003 -1
664 993 -10
664 1004 -10
665 1005 -1
665 995 90
665 988 -10
665 1006 -10
666 1007 -1
666 995 90
666 998 -10
666 991 -10
666 1008 -10
667 1009 -1
667 998 -10
667 1002 -10
667 997 -10
667 1010 -10
668 1011 -1
668 1004 -10
669 1012 -1
669 1006 -10
669 1008 -10
669 995 90
670 1013 -1
670 1008 -10
670 1010 -10
670 998 -10
671 1014 -1
671 1010 -10
671 1015 -10
671 1002 -10
672 1016 -1
672 1015 -10
672 1017 -10
672 1018 -10
673 1019 -1
673 1017 -10
673 1020 -10
673 1021 -10
0 511 0
1 512 0
2 513 0
3 514 0
4 515 0
5 516 0
6 517 0
7 518 0
8 519 0
9 520 0
10 521 0
11 522 0
12 523 0
13 524 0
14 525 0
15 526 0
16 527 0
17 528 0
18 529 0
19 530 0
20 531 0
21 532 0
22 533 0
23 534 0
24 535 0
25 536 0
26 537 0
27 538 0
28 539 0
29 540 0
30 541 0
31 542 0
32 543 0
33 544 0
34 545 0
35 546 0
36 547 0
37 548 0
38 549 0
39 550 0
40 551 0
41 552 0
42 553 0
43 554 0
44 555 0
45 556 0
46 557 0
47 558 0
48 559 0
49 560 0
50 561 0
51 562 0
52 563 0
53 564 0
54 565 0
55 566 0
56 567 0
57 568 0
58 569 0
59 570 0
60 571 0
61 572 0
62 573 0
63 574 0
64 575 0
65 576 0
66 577 0
67 578 0
68 579 0
69 580 0
70 581 0
71 582 0
72 583 0
73 584 0
74 585 0
75 586 0
76 587 0
77 588 0
78 589 0
79 590 0
80 591 0
81 592 0
82 593 0
83 594 0
84 595 0
85 596 0
86 597 0
87 598 0
88 599 0
89 600 0
90 601 0
91 602 0
92 603 0
93 604 0
94 605 0
95 606 0
96 607 0
97 608 0
98 609 0
99 610 0
100 611 0
101 612 0
102 613 0
103 614 0
104 615 0
105 616 0
106 617 0
107 618 0
108 619 0
109 620 0
110 621 0
111 622 0
112 623 0
113 624 0
114 625 0
115 626 0
116 627 0
117 628 0
118 629 0
119 630 0
120 631 0
121 632 0
122 633 0
123 634 0
124 635 0
125 636 0
126 637 0
127 638 0
128 639 0
129 640 0
130 641 0
131 642 0
132 643 0
133 644 0
134 645 0
135 646 0
136 647 0
137 648 0
138 649 0
139 650 0
140 651 0
141 652 0
142 653 0
143 654 0
144 655 0
145 656 0
146 657 0
147 658 0
148 659 0
149 660 0
150 661 0
151 662 0
152 663 0
153 664 0
154 665 0
155 666 0
156 667 0
157 668 0
158 669 0
159 670 0
160 671 0
161 672 0
162 673 0
163 674 0
164 675 0
165 676 0
166 677 0
167 678 0
168 679 0
169 680 0
170 681 0
171 682 0
172 683 0
173 684 0
174 685 0
175 686 0
176 687 0
177 688 0
178 689 0
179 690 0
180 691 0
181 692 0
182 693 0
183 694 0
184 695 0
185 696 0
186 697 0
187 698 0
188 699 0
189 700 0
190 701 0
191 702 0
192 703 0
193 704 0
194 705 0
195 706 0
196 707 0
197 708 0
198 709 0
199 710 0
200 711 0
201 712 0
202 713 0
203 714 0
204 715 0
205 716 0
206 717 0
207 718 0
208 719 0
209 720 0
210 721 0
211 722 0
212 723 0
213 724 0
214 725 0
215 726 0
216 727 0
217 728 0
218 729 0
219 730 0
220 731 0
221 732 0
222 733 0
223 734 0
224 735 0
225 736 0
226 737 0
227 738 0
228 739 0
229 740 0
230 741 0
231 742 0
232 743 0
233 744 0
234 745 0
235 746 0
236 747 0
237 748 0
238 749 0
239 750 0
240 751 0
241 752 0
242 753 0
243 754 0
244 755 0
245 756 0
246 757 0
247 758 0
248 759 0
249 760 0
250 761 0
251 762 0
252 763 0
253 764 0
254 765 0
255 766 0
256 767 0
257 768 0
258 769 0
259 770 0
260 771 0
261 772 0
262 773 0
263 774 0
264 775 0
265 776 0
266 777 0
267 778 0
268 779 0
269 780 0
270 781 0
271 782 0
272 783 0
273 784 0
274 785 0
275 786 0
276 787 0
277 788 0
278 789 0
279 790 0
280 791 0
281 792 0
282 793 0
283 794 0
284 795 0
285 796 0
286 797 0
287 798 0
288 799 0
289 800 0
290 801 0
291 802 0
292 803 0
293 804 0
294 805 0
295 806 0
296 807 0
297 808 0
298 809 0
299 810 0
300 811 0
301 812 0
302 813 0
303 814 0
304 815 0
305 816 0
306 817 0
307 818 0
308 819 0
309 820 0
310 821 0
311 822 0
312 823 0
313 824 0
314 825 0
315 826 0
316 827 0
317 828 0
318 829 0
319 830 0
320 831 0
321 832 0
322 833 0
323 834 0
324 835 0
325 836 0
326 837 0
327 838 0
328 839 0
329 840 0
330 841 0
331 842 0
332 843 0
333 844 0
334 845 0
335 846 0
336 847 0
337 848 0
338 849 0
339 850 0
340 851 0
341 852 0
342 853 0
343 854 0
344 855 0
345 856 0
346 857 0
347 858 0
348 859 0
349 860 0
350 861 0
351 862 0
352 863 0
353 864 0
354 865 0
355 866 0
356 867 0
357 868 0
358 869 0
359 870 0
360 871 0
361 872 0
362 873 0
363 874 0
364 875 0
365 876 0
366 877 0
367 878 0
368 879 0
369 880 0
370 881 0
371 882 0
372 883 0
373 884 0
374 885 0
375 886 0
376 887 0
377 888 0
378 889 0
379 890 0
380 891 0
381 892 0
382 893 0
383 894 0
384 895 0
385 896 0
386 897 0
387 898 0
388 899 0
389 900 0
390 901 0
391 902 0
392 903 0
393 904 0
394 905 0
395 906 0
396 907 0
397 908 0
398 909 0
399 910 0
400 911 0
401 912 0
402 913 0
403 914 0
404 915 0
405 916 0
406 917 0
407 918 0
408 919 0
409 920 0
410 921 0
411 922 0
412 923 0
413 924 0
414 925 0
415 926 0
416 927 0
417 928 0
418 929 0
419 930 0
420 931 0
421 932 0
422 933 0
423 934 0
424 935 0
425 936 0
426 937 0
427 938 0
428 939 0
429 940 0
430 941 0
431 942 0
432 943 0
433 944 0
434 945 0
435 946 0
436 947 0
437 948 0
438 949 0
439 950 0
440 951 0
441 952 0
442 953 0
443 954 0
444 955 0
445 956 0
446 957 0
447 958 0
448 959 0
449 960 0
450 961 0
451 962 0
452 963 0
453 964 0
454 965 0
455 966 0
456 967 0
457 968 0
458 969 0
459 970 0
460 971 0
461 972 0
462 973 0
463 974 0
464 975 0
465 976 0
466 977 0
467 978 0
468 979 0
469 980 0
470 981 0
471 982 0
472 983 0
473 984 0
474 985 0
475 986 0
476 987 0
477 988 0
478 989 0
479 990 0
480 991 0
481 992 0
482 993 0
483 994 0
484 995 0
485 996 0
486 997 0
487 998 0
488 999 0
489 1000 0
490 1001 0
491 1002 0
492 1003 0
493 1004 0
494 1005 0
495 1006 0
496 1007 0
497 1008 0
498 1009 0
499 1010 0
500 1011 0
501 1012 0
502 1013 0
503 1014 0
504 1015 0
505 1016 0
506 1017 0
507 1018 0
508 1019 0
509 1020 0
510 1021 0
