374 677
0 49 -10
0 50 -5
0 51 -2
0 52 -5
0 53 -2
1 54 -3762
1 52 -3758
1 55 -3815
1 50 -3794
1 56 -3836
2 57 -30
2 58 -5
2 59 -2
2 60 -5
2 61 -2
3 62 -5
3 63 -5
3 56 -30
3 64 -5
3 65 -2
4 66 -30
4 67 -5
4 68 -5
4 69 -5
4 70 -2
5 71 -10
5 72 -5
5 73 -5
5 74 -5
5 75 -2
6 76 -30
6 69 -5
6 66 -5
6 77 -5
6 78 -1
7 79 -10
7 80 -5
7 81 -5
7 82 -5
7 83 -2
8 80 -5
8 84 -10
8 85 -5
8 86 -5
8 87 -2
9 77 -5
9 88 -2
9 69 -30
9 89 -5
9 90 -2
10 91 -5
10 92 -2
10 93 -5
10 94 -10
10 95 -2
11 92 -2
11 89 -5
11 77 -30
11 96 -5
11 97 -2
12 96 -5
12 98 -5
12 89 -10
12 99 -5
12 100 -2
13 101 -2
13 99 -5
13 96 -30
13 102 -5
13 103 -2
14 103 -5
14 104 -2
14 100 -10
14 105 -5
14 99 -2
15 106 -2
15 107 -10
15 108 -5
15 109 -2
15 110 -2
16 102 -5
16 111 -5
16 99 -10
16 112 -5
16 105 -2
17 105 -10
17 113 -2
17 104 -2
17 114 -5
17 111 -2
18 115 -2
18 116 -5
18 117 -2
18 118 -10
18 119 -2
19 120 -2
19 112 -10
19 102 -5
19 121 -5
19 122 -2
20 122 -5
20 114 -5
20 105 -10
20 123 -5
20 112 -2
21 114 -2911
21 112 -3032
21 124 -2874
21 111 -3032
21 125 -2874
22 123 -2911
22 121 -2972
22 125 -2874
22 112 -3032
22 126 -2874
23 127 -2
23 126 -5
23 121 -30
23 128 -5
23 129 -2
24 129 -5
24 130 -5
24 123 -10
24 131 -5
24 126 -2
25 130 -2761
25 126 -2874
25 132 -2732
25 125 -2874
25 133 -2732
26 134 -2
26 131 -5
26 129 -10
26 135 -5
26 128 -2
27 128 -5
27 133 -5
27 126 -10
27 136 -5
27 131 -2
28 137 -2
28 136 -10
28 128 -5
28 138 -5
28 135 -2
29 136 -30
29 139 -5
29 133 -5
29 140 -5
29 141 -2
30 142 -2505
30 139 -2604
30 143 -2489
30 144 -2604
30 145 -2489
31 138 -5
31 140 -5
31 136 -10
31 146 -5
31 147 -2
32 148 -2
32 146 -5
32 138 -10
32 149 -5
32 150 -2
33 146 -10
33 151 -5
33 140 -5
33 152 -5
33 153 -2
34 154 -2395
34 151 -2489
34 155 -2383
34 145 -2489
34 156 -2383
35 149 -5
35 152 -5
35 146 -10
35 157 -5
35 158 -2
36 158 -10
36 159 -5
36 153 -5
36 160 -5
36 152 -2
37 152 -10
37 156 -5
37 151 -5
37 161 -5
37 159 -2
38 162 -2
38 157 -5
38 149 -10
38 163 -5
38 164 -2
39 157 -2449
39 164 -2503
39 160 -2435
39 158 -2545
39 165 -2435
40 157 -10
40 161 -5
40 152 -5
40 166 -5
40 160 -2
41 161 -10
41 167 -5
41 156 -5
41 168 -5
41 169 -2
42 167 -10
42 170 -5
42 171 -5
42 172 -5
42 173 -2
43 174 -2
43 165 -5
43 164 -10
43 175 -5
43 163 -2
44 163 -5
44 166 -5
44 157 -10
44 176 -5
44 165 -2
45 177 -2
45 176 -5
45 163 -10
45 178 -5
45 175 -2
46 178 -5
46 179 -5
46 176 -10
46 180 -5
46 181 -2
47 182 -5
47 183 -5
47 181 -10
47 184 -5
47 180 -2
48 183 -2201
48 180 -2286
48 185 -2197
48 179 -2286
48 186 -2047
187 236 -10
187 237 -5
187 238 -2
187 239 -5
187 240 -2
188 241 -3762
188 239 -3758
188 242 -3815
188 237 -3794
188 243 -3836
189 244 -30
189 245 -5
189 246 -2
189 247 -5
189 248 -2
190 249 -5
190 250 -5
190 243 -30
190 251 -5
190 252 -2
191 253 -30
191 254 -5
191 255 -5
191 256 -5
191 257 -2
192 258 -10
192 259 -5
192 260 -5
192 261 -5
192 262 -2
193 263 -30
193 256 -5
193 253 -5
193 264 -5
193 265 -1
194 266 -10
194 267 -5
194 268 -5
194 269 -5
194 270 -2
195 267 -5
195 271 -10
195 272 -5
195 273 -5
195 274 -2
196 264 -5
196 275 -2
196 256 -30
196 276 -5
196 277 -2
197 278 -5
197 279 -2
197 280 -5
197 281 -10
197 282 -2
198 279 -2
198 276 -5
198 264 -30
198 283 -5
198 284 -2
199 283 -5
199 285 -5
199 276 -10
199 286 -5
199 287 -2
200 288 -2
200 286 -5
200 283 -30
200 289 -5
200 290 -2
201 290 -5
201 291 -2
201 287 -10
201 292 -5
201 286 -2
202 293 -2
202 294 -10
202 295 -5
202 296 -2
202 297 -2
203 289 -5
203 298 -5
203 286 -10
203 299 -5
203 292 -2
204 292 -10
204 300 -2
204 291 -2
204 301 -5
204 298 -2
205 302 -2
205 303 -5
205 304 -2
205 305 -10
205 306 -2
206 307 -2
206 299 -10
206 289 -5
206 308 -5
206 309 -2
207 309 -5
207 301 -5
207 292 -10
207 310 -5
207 299 -2
208 301 -2911
208 299 -3032
208 311 -2874
208 298 -3032
208 312 -2874
209 310 -2911
209 308 -2972
209 312 -2874
209 299 -3032
209 313 -2874
210 314 -2
210 313 -5
210 308 -30
210 315 -5
210 316 -2
211 316 -5
211 317 -5
211 310 -10
211 318 -5
211 313 -2
212 317 -2761
212 313 -2874
212 319 -2732
212 312 -2874
212 320 -2732
213 321 -2
213 318 -5
213 316 -10
213 322 -5
213 315 -2
214 315 -5
214 320 -5
214 313 -10
214 323 -5
214 318 -2
215 324 -2
215 323 -10
215 315 -5
215 325 -5
215 322 -2
216 323 -30
216 326 -5
216 320 -5
216 327 -5
216 328 -2
217 329 -2505
217 326 -2604
217 330 -2489
217 331 -2604
217 332 -2489
218 325 -5
218 327 -5
218 323 -10
218 333 -5
218 334 -2
219 335 -2
219 333 -5
219 325 -10
219 336 -5
219 337 -2
220 333 -10
220 338 -5
220 327 -5
220 339 -5
220 340 -2
221 341 -2395
221 338 -2489
221 342 -2383
221 332 -2489
221 343 -2383
222 336 -5
222 339 -5
222 333 -10
222 344 -5
222 345 -2
223 345 -10
223 346 -5
223 340 -5
223 347 -5
223 339 -2
224 339 -10
224 343 -5
224 338 -5
224 348 -5
224 346 -2
225 349 -2
225 344 -5
225 336 -10
225 350 -5
225 351 -2
226 344 -2449
226 351 -2503
226 347 -2435
226 345 -2545
226 352 -2435
227 344 -10
227 348 -5
227 339 -5
227 353 -5
227 347 -2
228 348 -10
228 354 -5
228 343 -5
228 355 -5
228 356 -2
229 354 -10
229 357 -5
229 358 -5
229 359 -5
229 360 -2
230 361 -2
230 352 -5
230 351 -10
230 362 -5
230 350 -2
231 350 -5
231 353 -5
231 344 -10
231 363 -5
231 352 -2
232 364 -2
232 363 -5
232 350 -10
232 365 -5
232 362 -2
233 365 -5
233 366 -5
233 363 -10
233 367 -5
233 368 -2
234 369 -5
234 370 -5
234 368 -10
234 371 -5
234 367 -2
235 370 -2201
235 367 -2286
235 372 -2197
235 366 -2286
235 373 -2047
0 187 0
1 188 0
2 189 0
3 190 0
4 191 0
5 192 0
6 193 0
7 194 0
8 195 0
9 196 0
10 197 0
11 198 0
12 199 0
13 200 0
14 201 0
15 202 0
16 203 0
17 204 0
18 205 0
19 206 0
20 207 0
21 208 0
22 209 0
23 210 0
24 211 0
25 212 0
26 213 0
27 214 0
28 215 0
29 216 0
30 217 0
31 218 0
32 219 0
33 220 0
34 221 0
35 222 0
36 223 0
37 224 0
38 225 0
39 226 0
40 227 0
41 228 0
42 229 0
43 230 0
44 231 0
45 232 0
46 233 0
47 234 0
48 235 0
49 236 0
50 237 0
51 238 0
52 239 0
53 240 0
54 241 0
55 242 0
56 243 0
57 244 0
58 245 0
59 246 0
60 247 0
61 248 0
62 249 0
63 250 0
64 251 0
65 252 0
66 253 0
67 254 0
68 255 0
69 256 0
70 257 0
71 258 0
72 259 0
73 260 0
74 261 0
75 262 0
76 263 0
77 264 0
78 265 0
79 266 0
80 267 0
81 268 0
82 269 0
83 270 0
84 271 0
85 272 0
86 273 0
87 274 0
88 275 0
89 276 0
90 277 0
91 278 0
92 279 0
93 280 0
94 281 0
95 282 0
96 283 0
97 284 0
98 285 0
99 286 0
100 287 0
101 288 0
102 289 0
103 290 0
104 291 0
105 292 0
106 293 0
107 294 0
108 295 0
109 296 0
110 297 0
111 298 0
112 299 0
113 300 0
114 301 0
115 302 0
116 303 0
117 304 0
118 305 0
119 306 0
120 307 0
121 308 0
122 309 0
123 310 0
124 311 0
125 312 0
126 313 0
127 314 0
128 315 0
129 316 0
130 317 0
131 318 0
132 319 0
133 320 0
134 321 0
135 322 0
136 323 0
137 324 0
138 325 0
139 326 0
140 327 0
141 328 0
142 329 0
143 330 0
144 331 0
145 332 0
146 333 0
147 334 0
148 335 0
149 336 0
150 337 0
151 338 0
152 339 0
153 340 0
154 341 0
155 342 0
156 343 0
157 344 0
158 345 0
159 346 0
160 347 0
161 348 0
162 349 0
163 350 0
164 351 0
165 352 0
166 353 0
167 354 0
168 355 0
169 356 0
170 357 0
171 358 0
172 359 0
173 360 0
174 361 0
175 362 0
176 363 0
177 364 0
178 365 0
179 366 0
180 367 0
181 368 0
182 369 0
183 370 0
184 371 0
185 372 0
186 373 0
