392 686
0 49 -2
0 50 -5
0 51 -2
0 52 -10
0 53 -2
1 54 -2
1 55 -5
1 56 -2
1 57 -10
1 58 -2
2 55 -5
2 59 -5
2 52 -5
2 60 -10
2 61 -2
3 60 -10
3 62 -5
3 59 -5
3 63 -5
3 64 -2
4 63 -5
4 65 -5
4 62 -5
4 66 -10
4 67 -2
5 68 -5
5 69 -5
5 70 -5
5 71 -10
5 72 -2
6 73 -2472
6 74 -2570
6 75 -2456
6 76 -2456
6 77 -2570
7 75 -5
7 78 -5
7 79 -5
7 80 -10
7 81 -2
8 78 -10
8 82 -5
8 66 -5
8 83 -5
8 84 -2
9 85 -5
9 86 -5
9 71 -10
9 87 -5
9 88 -1
10 89 -5
10 77 -5
10 74 -5
10 90 -10
10 91 -2
11 80 -10
11 83 -5
11 78 -5
11 92 -5
11 93 -2
12 83 -10
12 94 -5
12 82 -5
12 95 -5
12 96 -2
13 97 -5
13 90 -5
13 89 -5
13 98 -10
13 99 -2
14 92 -10
14 95 -5
14 83 -5
14 100 -5
14 101 -2
15 95 -5
15 102 -5
15 94 -5
15 103 -10
15 104 -2
16 105 -10
16 106 -2
16 107 -2
16 108 -5
16 109 -2
17 110 -5
17 111 -2
17 87 -5
17 112 -10
17 113 -2
18 114 -2867
18 115 -2987
18 98 -2832
18 97 -2832
18 116 -2987
19 98 -2792
19 114 -2907
19 117 -2762
19 99 -2762
19 118 -2907
20 117 -2722
20 98 -2832
20 119 -2694
20 90 -2694
20 120 -2832
21 119 -10
21 121 -5
21 122 -5
21 123 -5
21 124 -2
22 100 -5
22 103 -5
22 95 -5
22 125 -10
22 126 -2
23 127 -2174
23 128 -2258
23 129 -2021
23 130 -2171
23 131 -2258
24 132 -10
24 133 -5
24 134 -5
24 135 -5
24 136 -2
25 133 -25
25 112 -25
25 110 -25
25 137 -30
25 138 -2
26 112 -10
26 139 -5
26 111 -2
26 140 -5
26 141 -1
27 142 -3215
27 139 -3357
27 143 -3160
27 144 -3160
27 145 -3282
28 143 -10
28 116 -5
28 115 -5
28 146 -5
28 147 -2
29 147 -10
29 118 -5
29 114 -5
29 148 -5
29 116 -2
30 116 -10
30 120 -5
30 98 -5
30 149 -5
30 118 -2
31 120 -10
31 123 -5
31 119 -5
31 150 -5
31 151 -2
32 123 -10
32 152 -5
32 121 -5
32 153 -5
32 154 -2
33 152 -10
33 125 -5
33 100 -5
33 155 -5
33 156 -2
34 157 -2364
34 125 -2456
34 158 -2353
34 103 -2353
34 159 -2416
35 158 -10
35 131 -5
35 128 -5
35 160 -5
35 161 -2
36 162 -25
36 135 -25
36 132 -25
36 163 -30
36 164 -2
37 135 -25
37 137 -25
37 133 -25
37 165 -30
37 166 -2
38 137 -30
38 140 -25
38 112 -25
38 167 -25
38 168 -2
39 140 -10
39 145 -5
39 139 -5
39 169 -2
39 170 -2
40 146 -5
40 149 -5
40 116 -10
40 171 -2
40 148 -2
41 149 -10
41 150 -5
41 120 -5
41 172 -2
41 173 -2
42 150 -5
42 153 -5
42 123 -10
42 174 -2
42 175 -2
43 153 -10
43 155 -5
43 152 -5
43 176 -2
43 177 -2
44 178 -25
44 179 -25
44 165 -25
44 180 -30
44 181 -2
45 182 -3678
45 183 -3764
45 180 -3768
45 178 -3721
45 184 -3627
46 180 -25
46 185 -25
46 179 -30
46 186 -25
46 187 -2
47 186 -5
47 188 -2
47 185 -5
47 189 -10
47 190 -2
48 191 -2
48 192 -5
48 193 -2
48 194 -10
48 195 -2
196 245 -2
196 246 -5
196 247 -2
196 248 -10
196 249 -2
197 250 -2
197 251 -5
197 252 -2
197 253 -10
197 254 -2
198 251 -5
198 255 -5
198 248 -5
198 256 -10
198 257 -2
199 256 -10
199 258 -5
199 255 -5
199 259 -5
199 260 -2
200 259 -5
200 261 -5
200 258 -5
200 262 -10
200 263 -2
201 264 -5
201 265 -5
201 266 -5
201 267 -10
201 268 -2
202 269 -2472
202 270 -2570
202 271 -2456
202 272 -2456
202 273 -2570
203 271 -5
203 274 -5
203 275 -5
203 276 -10
203 277 -2
204 274 -10
204 278 -5
204 262 -5
204 279 -5
204 280 -2
205 281 -5
205 282 -5
205 267 -10
205 283 -5
205 284 -1
206 285 -5
206 273 -5
206 270 -5
206 286 -10
206 287 -2
207 276 -10
207 279 -5
207 274 -5
207 288 -5
207 289 -2
208 279 -10
208 290 -5
208 278 -5
208 291 -5
208 292 -2
209 293 -5
209 286 -5
209 285 -5
209 294 -10
209 295 -2
210 288 -10
210 291 -5
210 279 -5
210 296 -5
210 297 -2
211 291 -5
211 298 -5
211 290 -5
211 299 -10
211 300 -2
212 301 -10
212 302 -2
212 303 -2
212 304 -5
212 305 -2
213 306 -5
213 307 -2
213 283 -5
213 308 -10
213 309 -2
214 310 -2867
214 311 -2987
214 294 -2832
214 293 -2832
214 312 -2987
215 294 -2792
215 310 -2907
215 313 -2762
215 295 -2762
215 314 -2907
216 313 -2722
216 294 -2832
216 315 -2694
216 286 -2694
216 316 -2832
217 315 -10
217 317 -5
217 318 -5
217 319 -5
217 320 -2
218 296 -5
218 299 -5
218 291 -5
218 321 -10
218 322 -2
219 323 -2174
219 324 -2258
219 325 -2021
219 326 -2171
219 327 -2258
220 328 -10
220 329 -5
220 330 -5
220 331 -5
220 332 -2
221 329 -25
221 308 -25
221 306 -25
221 333 -30
221 334 -2
222 308 -10
222 335 -5
222 307 -2
222 336 -5
222 337 -1
223 338 -3215
223 335 -3357
223 339 -3160
223 340 -3160
223 341 -3282
224 339 -10
224 312 -5
224 311 -5
224 342 -5
224 343 -2
225 343 -10
225 314 -5
225 310 -5
225 344 -5
225 312 -2
226 312 -10
226 316 -5
226 294 -5
226 345 -5
226 314 -2
227 316 -10
227 319 -5
227 315 -5
227 346 -5
227 347 -2
228 319 -10
228 348 -5
228 317 -5
228 349 -5
228 350 -2
229 348 -10
229 321 -5
229 296 -5
229 351 -5
229 352 -2
230 353 -2364
230 321 -2456
230 354 -2353
230 299 -2353
230 355 -2416
231 354 -10
231 327 -5
231 324 -5
231 356 -5
231 357 -2
232 358 -25
232 331 -25
232 328 -25
232 359 -30
232 360 -2
233 331 -25
233 333 -25
233 329 -25
233 361 -30
233 362 -2
234 333 -30
234 336 -25
234 308 -25
234 363 -25
234 364 -2
235 336 -10
235 341 -5
235 335 -5
235 365 -2
235 366 -2
236 342 -5
236 345 -5
236 312 -10
236 367 -2
236 344 -2
237 345 -10
237 346 -5
237 316 -5
237 368 -2
237 369 -2
238 346 -5
238 349 -5
238 319 -10
238 370 -2
238 371 -2
239 349 -10
239 351 -5
239 348 -5
239 372 -2
239 373 -2
240 374 -25
240 375 -25
240 361 -25
240 376 -30
240 377 -2
241 378 -3678
241 379 -3764
241 376 -3768
241 374 -3721
241 380 -3627
242 376 -25
242 381 -25
242 375 -30
242 382 -25
242 383 -2
243 382 -5
243 384 -2
243 381 -5
243 385 -10
243 386 -2
244 387 -2
244 388 -5
244 389 -2
244 390 -10
244 391 -2
0 196 0
1 197 0
2 198 0
3 199 0
4 200 0
5 201 0
6 202 0
7 203 0
8 204 0
9 205 0
10 206 0
11 207 0
12 208 0
13 209 0
14 210 0
15 211 0
16 212 0
17 213 0
18 214 0
19 215 0
20 216 0
21 217 0
22 218 0
23 219 0
24 220 0
25 221 0
26 222 0
27 223 0
28 224 0
29 225 0
30 226 0
31 227 0
32 228 0
33 229 0
34 230 0
35 231 0
36 232 0
37 233 0
38 234 0
39 235 0
40 236 0
41 237 0
42 238 0
43 239 0
44 240 0
45 241 0
46 242 0
47 243 0
48 244 0
49 245 0
50 246 0
51 247 0
52 248 0
53 249 0
54 250 0
55 251 0
56 252 0
57 253 0
58 254 0
59 255 0
60 256 0
61 257 0
62 258 0
63 259 0
64 260 0
65 261 0
66 262 0
67 263 0
68 264 0
69 265 0
70 266 0
71 267 0
72 268 0
73 269 0
74 270 0
75 271 0
76 272 0
77 273 0
78 274 0
79 275 0
80 276 0
81 277 0
82 278 0
83 279 0
84 280 0
85 281 0
86 282 0
87 283 0
88 284 0
89 285 0
90 286 0
91 287 0
92 288 0
93 289 0
94 290 0
95 291 0
96 292 0
97 293 0
98 294 0
99 295 0
100 296 0
101 297 0
102 298 0
103 299 0
104 300 0
105 301 0
106 302 0
107 303 0
108 304 0
109 305 0
110 306 0
111 307 0
112 308 0
113 309 0
114 310 0
115 311 0
116 312 0
117 313 0
118 314 0
119 315 0
120 316 0
121 317 0
122 318 0
123 319 0
124 320 0
125 321 0
126 322 0
127 323 0
128 324 0
129 325 0
130 326 0
131 327 0
132 328 0
133 329 0
134 330 0
135 331 0
136 332 0
137 333 0
138 334 0
139 335 0
140 336 0
141 337 0
142 338 0
143 339 0
144 340 0
145 341 0
146 342 0
147 343 0
148 344 0
149 345 0
150 346 0
151 347 0
152 348 0
153 349 0
154 350 0
155 351 0
156 352 0
157 353 0
158 354 0
159 355 0
160 356 0
161 357 0
162 358 0
163 359 0
164 360 0
165 361 0
166 362 0
167 363 0
168 364 0
169 365 0
170 366 0
171 367 0
172 368 0
173 369 0
174 370 0
175 371 0
176 372 0
177 373 0
178 374 0
179 375 0
180 376 0
181 377 0
182 378 0
183 379 0
184 380 0
185 381 0
186 382 0
187 383 0
188 384 0
189 385 0
190 386 0
191 387 0
192 388 0
193 389 0
194 390 0
195 391 0
