1486 2837
0 233 0
0 234 0
0 235 0
0 236 0
1 237 0
1 235 0
1 238 0
1 239 0
2 240 0
2 238 0
2 241 0
2 242 0
3 243 0
3 244 0
3 245 0
3 246 0
4 247 0
4 245 0
4 248 0
4 249 0
5 250 0
5 251 0
6 252 0
6 236 0
6 239 0
6 235 0
6 253 0
7 254 0
7 239 0
7 242 0
7 238 0
7 255 0
8 256 0
8 242 0
8 257 0
8 241 0
8 258 0
9 259 0
9 260 0
9 261 0
9 262 0
9 263 0
10 264 0
10 265 0
10 266 0
10 267 0
10 268 0
11 266 0
11 264 0
11 269 0
11 270 0
11 271 0
12 272 0
12 269 0
12 273 0
12 274 0
12 275 0
13 246 0
13 273 0
13 276 0
13 243 0
13 277 0
14 276 0
14 246 0
14 249 0
14 245 0
14 278 0
15 279 0
15 253 0
15 255 0
15 239 0
15 280 0
16 255 0
16 279 0
16 281 0
16 254 0
16 282 0
17 281 0
17 255 0
17 258 0
17 242 0
17 283 0
18 284 0
18 258 0
18 285 0
18 257 0
18 286 0
19 287 0
19 268 0
19 265 0
19 288 0
20 277 0
20 289 0
20 278 0
20 246 0
20 290 0
21 278 0
21 277 0
21 291 0
21 276 0
21 292 0
22 293 0
22 294 0
22 295 0
23 296 0
23 297 0
23 298 0
23 299 0
23 300 0
24 282 0
24 280 0
24 283 0
24 255 0
24 301 0
25 302 0
25 283 0
25 286 0
25 258 0
25 303 0
26 288 0
26 304 0
26 287 0
26 305 0
27 292 0
27 290 0
27 306 0
27 278 0
27 307 0
28 308 0
28 295 0
28 309 0
29 310 0
29 300 0
29 297 0
29 311 0
30 312 0
30 301 0
30 303 0
30 283 0
30 313 0
31 305 0
31 314 0
31 288 0
31 315 0
32 314 0
32 305 0
32 316 0
32 304 0
32 317 0
33 318 0
33 319 0
33 320 0
33 321 0
33 322 0
34 323 0
34 324 0
34 325 0
34 326 0
34 327 0
35 317 0
35 315 0
35 328 0
35 314 0
35 329 0
36 330 0
36 328 0
36 331 0
36 332 0
36 333 0
37 322 0
37 331 0
37 334 0
37 318 0
37 335 0
38 336 0
38 334 0
38 307 0
39 337 0
39 338 0
39 339 0
40 340 0
40 341 0
40 327 0
40 324 0
40 342 0
41 343 0
41 327 0
41 344 0
41 325 0
41 345 0
42 346 0
42 329 0
42 315 0
42 347 0
43 329 0
43 346 0
43 348 0
43 317 0
43 349 0
44 333 0
44 348 0
44 350 0
44 330 0
44 351 0
45 352 0
45 339 0
45 353 0
46 354 0
46 339 0
46 355 0
46 338 0
46 356 0
47 357 0
47 358 0
47 342 0
47 341 0
47 359 0
48 360 0
48 342 0
48 345 0
48 327 0
48 361 0
49 362 0
49 363 0
49 364 0
50 365 0
50 363 0
50 366 0
50 367 0
50 368 0
51 366 0
51 365 0
51 369 0
51 370 0
51 371 0
52 347 0
52 349 0
52 346 0
52 372 0
53 349 0
53 347 0
53 373 0
53 329 0
53 374 0
54 375 0
54 376 0
54 335 0
55 377 0
55 353 0
55 378 0
56 379 0
56 353 0
56 356 0
56 339 0
56 380 0
57 381 0
57 356 0
57 382 0
57 355 0
57 383 0
58 384 0
58 359 0
58 358 0
58 385 0
59 386 0
59 359 0
59 361 0
59 342 0
59 387 0
60 388 0
60 361 0
60 389 0
60 345 0
60 390 0
61 391 0
61 368 0
61 363 0
62 371 0
62 368 0
62 392 0
62 366 0
62 393 0
63 392 0
63 371 0
63 394 0
63 369 0
63 395 0
64 372 0
64 374 0
64 347 0
64 396 0
65 397 0
65 378 0
65 398 0
66 399 0
66 378 0
66 380 0
66 353 0
66 400 0
67 401 0
67 380 0
67 383 0
67 356 0
67 402 0
68 403 0
68 385 0
68 387 0
68 359 0
68 404 0
69 405 0
69 393 0
69 368 0
70 393 0
70 405 0
70 395 0
70 371 0
70 406 0
71 407 0
71 395 0
71 394 0
71 408 0
72 409 0
72 396 0
72 410 0
72 374 0
72 411 0
73 412 0
73 410 0
73 413 0
74 414 0
74 398 0
74 415 0
75 416 0
75 398 0
75 400 0
75 378 0
75 417 0
76 418 0
76 404 0
76 385 0
76 419 0
77 420 0
77 421 0
77 422 0
77 423 0
77 424 0
78 406 0
78 425 0
78 393 0
79 425 0
79 406 0
79 408 0
79 395 0
79 426 0
80 427 0
80 411 0
80 396 0
80 428 0
81 429 0
81 415 0
81 430 0
82 431 0
82 415 0
82 417 0
82 398 0
82 432 0
83 433 0
83 417 0
83 434 0
83 400 0
83 435 0
84 419 0
84 436 0
84 418 0
84 437 0
85 436 0
85 419 0
85 438 0
85 404 0
85 439 0
86 440 0
86 438 0
86 441 0
86 442 0
86 443 0
87 444 0
87 445 0
87 446 0
87 447 0
87 448 0
88 446 0
88 444 0
88 424 0
88 421 0
88 449 0
89 426 0
89 450 0
89 425 0
89 451 0
90 450 0
90 426 0
90 408 0
90 452 0
91 428 0
91 453 0
91 427 0
91 454 0
92 453 0
92 428 0
92 411 0
92 455 0
93 456 0
93 430 0
93 457 0
94 430 0
94 456 0
94 458 0
94 429 0
94 459 0
95 458 0
95 430 0
95 432 0
95 415 0
95 460 0
96 461 0
96 432 0
96 435 0
96 417 0
96 462 0
97 463 0
97 435 0
97 464 0
97 434 0
97 465 0
98 439 0
98 437 0
98 466 0
98 436 0
98 467 0
99 443 0
99 466 0
99 468 0
99 440 0
99 469 0
100 470 0
100 468 0
100 448 0
100 445 0
100 471 0
101 449 0
101 448 0
101 472 0
101 446 0
101 473 0
102 472 0
102 449 0
102 474 0
102 424 0
102 475 0
103 474 0
103 472 0
103 476 0
103 477 0
103 478 0
104 451 0
104 479 0
104 452 0
104 426 0
104 480 0
105 481 0
105 452 0
105 482 0
105 483 0
106 454 0
106 482 0
106 455 0
106 428 0
106 484 0
107 485 0
107 455 0
107 457 0
107 486 0
108 459 0
108 457 0
108 460 0
108 430 0
108 487 0
109 488 0
109 460 0
109 462 0
109 432 0
109 489 0
110 490 0
110 462 0
110 465 0
110 435 0
110 491 0
111 492 0
111 493 0
111 494 0
111 495 0
111 496 0
112 497 0
112 467 0
112 437 0
113 498 0
113 467 0
113 469 0
113 466 0
114 499 0
114 469 0
114 471 0
114 468 0
115 471 0
115 499 0
115 500 0
115 470 0
116 473 0
116 500 0
116 475 0
116 449 0
117 478 0
117 475 0
117 501 0
117 474 0
118 480 0
118 502 0
118 503 0
118 451 0
118 504 0
119 503 0
119 480 0
119 483 0
119 452 0
119 505 0
120 483 0
120 503 0
120 506 0
120 481 0
120 507 0
121 506 0
121 483 0
121 484 0
121 482 0
121 508 0
122 509 0
122 484 0
122 486 0
122 455 0
122 510 0
123 486 0
123 509 0
123 511 0
123 485 0
124 511 0
124 486 0
124 487 0
124 457 0
125 487 0
125 511 0
125 512 0
125 459 0
126 512 0
126 487 0
126 489 0
126 460 0
127 513 0
127 489 0
127 491 0
127 462 0
128 514 0
128 491 0
128 515 0
128 465 0
129 516 0
129 515 0
129 496 0
129 493 0
130 504 0
130 505 0
130 480 0
130 517 0
131 507 0
131 505 0
131 508 0
131 483 0
131 518 0
132 519 0
132 508 0
132 510 0
132 484 0
132 520 0
133 521 0
133 517 0
133 518 0
133 505 0
133 522 0
134 523 0
134 518 0
134 520 0
134 508 0
134 524 0
135 525 0
135 520 0
135 510 0
135 526 0
136 527 0
136 528 0
136 529 0
137 530 0
137 528 0
137 531 0
137 532 0
138 533 0
138 531 0
138 534 0
138 535 0
139 536 0
139 537 0
139 538 0
139 539 0
140 538 0
140 536 0
140 540 0
140 541 0
141 540 0
141 538 0
141 522 0
141 517 0
141 542 0
142 543 0
142 522 0
142 524 0
142 518 0
142 544 0
143 524 0
143 543 0
143 545 0
143 523 0
143 546 0
144 545 0
144 524 0
144 526 0
144 520 0
144 547 0
145 548 0
145 526 0
145 549 0
145 550 0
146 551 0
146 549 0
146 552 0
146 553 0
147 554 0
147 552 0
147 555 0
147 556 0
148 529 0
148 557 0
148 527 0
148 558 0
149 557 0
149 529 0
149 532 0
149 528 0
149 559 0
150 532 0
150 557 0
150 560 0
150 530 0
150 561 0
151 560 0
151 532 0
151 535 0
151 531 0
151 562 0
152 563 0
152 535 0
152 564 0
152 534 0
152 565 0
153 566 0
153 564 0
153 567 0
153 568 0
153 569 0
154 539 0
154 570 0
154 541 0
154 536 0
154 571 0
155 541 0
155 539 0
155 542 0
155 538 0
156 572 0
156 542 0
156 544 0
156 522 0
156 573 0
157 546 0
157 544 0
157 547 0
157 524 0
158 574 0
158 547 0
158 550 0
158 526 0
158 575 0
159 576 0
159 550 0
159 553 0
159 549 0
159 577 0
160 578 0
160 553 0
160 556 0
160 552 0
160 579 0
161 580 0
161 556 0
161 581 0
161 555 0
161 582 0
162 583 0
162 584 0
162 585 0
162 586 0
162 587 0
163 559 0
163 558 0
163 561 0
163 557 0
163 588 0
164 562 0
164 561 0
164 589 0
164 560 0
164 590 0
165 591 0
165 573 0
165 542 0
165 592 0
166 593 0
166 575 0
166 547 0
166 594 0
167 595 0
167 577 0
167 579 0
167 553 0
167 596 0
168 590 0
168 597 0
168 598 0
168 562 0
168 599 0
169 592 0
169 600 0
169 601 0
169 591 0
169 602 0
170 601 0
170 592 0
170 573 0
170 603 0
171 604 0
171 594 0
171 605 0
171 575 0
171 606 0
172 607 0
172 596 0
172 608 0
172 579 0
172 609 0
173 610 0
173 611 0
173 612 0
173 613 0
174 614 0
174 609 0
174 615 0
174 608 0
174 616 0
175 617 0
175 613 0
175 618 0
175 611 0
175 619 0
176 620 0
176 621 0
176 622 0
176 606 0
176 623 0
177 624 0
177 622 0
177 625 0
177 626 0
177 627 0
178 628 0
178 616 0
178 629 0
178 615 0
178 630 0
179 631 0
179 619 0
179 613 0
179 632 0
180 633 0
180 634 0
180 635 0
181 636 0
181 634 0
181 637 0
181 638 0
181 639 0
182 640 0
182 623 0
182 621 0
182 641 0
183 642 0
183 623 0
183 627 0
183 622 0
183 643 0
184 644 0
184 627 0
184 645 0
184 625 0
184 646 0
185 647 0
185 630 0
185 648 0
185 629 0
185 649 0
186 650 0
186 632 0
186 651 0
186 619 0
186 652 0
187 653 0
187 651 0
187 654 0
187 655 0
187 656 0
188 657 0
188 635 0
188 658 0
189 659 0
189 635 0
189 639 0
189 634 0
189 660 0
190 661 0
190 641 0
190 643 0
190 623 0
190 662 0
191 663 0
191 643 0
191 646 0
191 627 0
191 664 0
192 665 0
192 646 0
192 666 0
192 645 0
192 667 0
193 668 0
193 658 0
193 660 0
193 635 0
193 669 0
194 670 0
194 662 0
194 641 0
194 671 0
195 672 0
195 662 0
195 664 0
195 643 0
195 673 0
196 674 0
196 664 0
196 667 0
196 646 0
196 675 0
197 667 0
197 674 0
197 676 0
197 665 0
197 677 0
198 676 0
198 667 0
198 678 0
198 666 0
198 679 0
199 680 0
199 681 0
199 682 0
199 683 0
199 684 0
200 685 0
200 686 0
200 687 0
201 688 0
201 669 0
201 689 0
201 660 0
201 690 0
202 671 0
202 691 0
202 670 0
202 692 0
203 691 0
203 671 0
203 673 0
203 662 0
203 693 0
204 673 0
204 691 0
204 694 0
204 672 0
204 695 0
205 694 0
205 673 0
205 675 0
205 664 0
205 696 0
206 677 0
206 675 0
206 679 0
206 667 0
206 697 0
207 698 0
207 699 0
207 700 0
207 701 0
208 702 0
208 687 0
208 703 0
209 704 0
209 687 0
209 705 0
209 686 0
209 706 0
210 707 0
210 690 0
210 708 0
210 689 0
210 709 0
211 710 0
211 708 0
211 711 0
211 712 0
211 713 0
212 692 0
212 693 0
212 671 0
212 714 0
213 693 0
213 692 0
213 695 0
213 691 0
213 715 0
214 695 0
214 693 0
214 696 0
214 673 0
214 716 0
215 696 0
215 695 0
215 717 0
215 694 0
215 718 0
216 717 0
216 696 0
216 697 0
216 675 0
216 719 0
217 720 0
217 703 0
217 721 0
218 722 0
218 703 0
218 706 0
218 687 0
218 723 0
219 724 0
219 706 0
219 725 0
219 705 0
219 726 0
220 727 0
220 709 0
220 713 0
220 708 0
220 728 0
221 729 0
221 713 0
221 711 0
221 730 0
222 714 0
222 715 0
222 692 0
222 731 0
223 715 0
223 714 0
223 716 0
223 693 0
223 732 0
224 716 0
224 715 0
224 718 0
224 695 0
224 733 0
225 718 0
225 716 0
225 719 0
225 696 0
225 734 0
226 735 0
226 736 0
226 737 0
226 738 0
227 739 0
227 721 0
228 740 0
228 721 0
228 723 0
228 703 0
229 741 0
229 723 0
229 726 0
229 706 0
230 742 0
230 728 0
230 730 0
230 713 0
231 731 0
231 732 0
231 714 0
232 732 0
232 731 0
232 733 0
232 715 0
743 976 0
743 977 0
743 978 0
743 979 0
744 980 0
744 978 0
744 981 0
744 982 0
745 983 0
745 981 0
745 984 0
745 985 0
746 986 0
746 987 0
746 988 0
746 989 0
747 990 0
747 988 0
747 991 0
747 992 0
748 993 0
748 994 0
749 995 0
749 979 0
749 982 0
749 978 0
749 996 0
750 997 0
750 982 0
750 985 0
750 981 0
750 998 0
751 999 0
751 985 0
751 1000 0
751 984 0
751 1001 0
752 1002 0
752 1003 0
752 1004 0
752 1005 0
752 1006 0
753 1007 0
753 1008 0
753 1009 0
753 1010 0
753 1011 0
754 1009 0
754 1007 0
754 1012 0
754 1013 0
754 1014 0
755 1015 0
755 1012 0
755 1016 0
755 1017 0
755 1018 0
756 989 0
756 1016 0
756 1019 0
756 986 0
756 1020 0
757 1019 0
757 989 0
757 992 0
757 988 0
757 1021 0
758 1022 0
758 996 0
758 998 0
758 982 0
758 1023 0
759 998 0
759 1022 0
759 1024 0
759 997 0
759 1025 0
760 1024 0
760 998 0
760 1001 0
760 985 0
760 1026 0
761 1027 0
761 1001 0
761 1028 0
761 1000 0
761 1029 0
762 1030 0
762 1011 0
762 1008 0
762 1031 0
763 1020 0
763 1032 0
763 1021 0
763 989 0
763 1033 0
764 1021 0
764 1020 0
764 1034 0
764 1019 0
764 1035 0
765 1036 0
765 1037 0
765 1038 0
766 1039 0
766 1040 0
766 1041 0
766 1042 0
766 1043 0
767 1025 0
767 1023 0
767 1026 0
767 998 0
767 1044 0
768 1045 0
768 1026 0
768 1029 0
768 1001 0
768 1046 0
769 1031 0
769 1047 0
769 1030 0
769 1048 0
770 1035 0
770 1033 0
770 1049 0
770 1021 0
770 1050 0
771 1051 0
771 1038 0
771 1052 0
772 1053 0
772 1043 0
772 1040 0
772 1054 0
773 1055 0
773 1044 0
773 1046 0
773 1026 0
773 1056 0
774 1048 0
774 1057 0
774 1031 0
774 1058 0
775 1057 0
775 1048 0
775 1059 0
775 1047 0
775 1060 0
776 1061 0
776 1062 0
776 1063 0
776 1064 0
776 1065 0
777 1066 0
777 1067 0
777 1068 0
777 1069 0
777 1070 0
778 1060 0
778 1058 0
778 1071 0
778 1057 0
778 1072 0
779 1073 0
779 1071 0
779 1074 0
779 1075 0
779 1076 0
780 1065 0
780 1074 0
780 1077 0
780 1061 0
780 1078 0
781 1079 0
781 1077 0
781 1050 0
782 1080 0
782 1081 0
782 1082 0
783 1083 0
783 1084 0
783 1070 0
783 1067 0
783 1085 0
784 1086 0
784 1070 0
784 1087 0
784 1068 0
784 1088 0
785 1089 0
785 1072 0
785 1058 0
785 1090 0
786 1072 0
786 1089 0
786 1091 0
786 1060 0
786 1092 0
787 1076 0
787 1091 0
787 1093 0
787 1073 0
787 1094 0
788 1095 0
788 1082 0
788 1096 0
789 1097 0
789 1082 0
789 1098 0
789 1081 0
789 1099 0
790 1100 0
790 1101 0
790 1085 0
790 1084 0
790 1102 0
791 1103 0
791 1085 0
791 1088 0
791 1070 0
791 1104 0
792 1105 0
792 1106 0
792 1107 0
793 1108 0
793 1106 0
793 1109 0
793 1110 0
793 1111 0
794 1109 0
794 1108 0
794 1112 0
794 1113 0
794 1114 0
795 1090 0
795 1092 0
795 1089 0
795 1115 0
796 1092 0
796 1090 0
796 1116 0
796 1072 0
796 1117 0
797 1118 0
797 1119 0
797 1078 0
798 1120 0
798 1096 0
798 1121 0
799 1122 0
799 1096 0
799 1099 0
799 1082 0
799 1123 0
800 1124 0
800 1099 0
800 1125 0
800 1098 0
800 1126 0
801 1127 0
801 1102 0
801 1101 0
801 1128 0
802 1129 0
802 1102 0
802 1104 0
802 1085 0
802 1130 0
803 1131 0
803 1104 0
803 1132 0
803 1088 0
803 1133 0
804 1134 0
804 1111 0
804 1106 0
805 1114 0
805 1111 0
805 1135 0
805 1109 0
805 1136 0
806 1135 0
806 1114 0
806 1137 0
806 1112 0
806 1138 0
807 1115 0
807 1117 0
807 1090 0
807 1139 0
808 1140 0
808 1121 0
808 1141 0
809 1142 0
809 1121 0
809 1123 0
809 1096 0
809 1143 0
810 1144 0
810 1123 0
810 1126 0
810 1099 0
810 1145 0
811 1146 0
811 1128 0
811 1130 0
811 1102 0
811 1147 0
812 1148 0
812 1136 0
812 1111 0
813 1136 0
813 1148 0
813 1138 0
813 1114 0
813 1149 0
814 1150 0
814 1138 0
814 1137 0
814 1151 0
815 1152 0
815 1139 0
815 1153 0
815 1117 0
815 1154 0
816 1155 0
816 1153 0
816 1156 0
817 1157 0
817 1141 0
817 1158 0
818 1159 0
818 1141 0
818 1143 0
818 1121 0
818 1160 0
819 1161 0
819 1147 0
819 1128 0
819 1162 0
820 1163 0
820 1164 0
820 1165 0
820 1166 0
820 1167 0
821 1149 0
821 1168 0
821 1136 0
822 1168 0
822 1149 0
822 1151 0
822 1138 0
822 1169 0
823 1170 0
823 1154 0
823 1139 0
823 1171 0
824 1172 0
824 1158 0
824 1173 0
825 1174 0
825 1158 0
825 1160 0
825 1141 0
825 1175 0
826 1176 0
826 1160 0
826 1177 0
826 1143 0
826 1178 0
827 1162 0
827 1179 0
827 1161 0
827 1180 0
828 1179 0
828 1162 0
828 1181 0
828 1147 0
828 1182 0
829 1183 0
829 1181 0
829 1184 0
829 1185 0
829 1186 0
830 1187 0
830 1188 0
830 1189 0
830 1190 0
830 1191 0
831 1189 0
831 1187 0
831 1167 0
831 1164 0
831 1192 0
832 1169 0
832 1193 0
832 1168 0
832 1194 0
833 1193 0
833 1169 0
833 1151 0
833 1195 0
834 1171 0
834 1196 0
834 1170 0
834 1197 0
835 1196 0
835 1171 0
835 1154 0
835 1198 0
836 1199 0
836 1173 0
836 1200 0
837 1173 0
837 1199 0
837 1201 0
837 1172 0
837 1202 0
838 1201 0
838 1173 0
838 1175 0
838 1158 0
838 1203 0
839 1204 0
839 1175 0
839 1178 0
839 1160 0
839 1205 0
840 1206 0
840 1178 0
840 1207 0
840 1177 0
840 1208 0
841 1182 0
841 1180 0
841 1209 0
841 1179 0
841 1210 0
842 1186 0
842 1209 0
842 1211 0
842 1183 0
842 1212 0
843 1213 0
843 1211 0
843 1191 0
843 1188 0
843 1214 0
844 1192 0
844 1191 0
844 1215 0
844 1189 0
844 1216 0
845 1215 0
845 1192 0
845 1217 0
845 1167 0
845 1218 0
846 1217 0
846 1215 0
846 1219 0
846 1220 0
846 1221 0
847 1194 0
847 1222 0
847 1195 0
847 1169 0
847 1223 0
848 1224 0
848 1195 0
848 1225 0
848 1226 0
849 1197 0
849 1225 0
849 1198 0
849 1171 0
849 1227 0
850 1228 0
850 1198 0
850 1200 0
850 1229 0
851 1202 0
851 1200 0
851 1203 0
851 1173 0
851 1230 0
852 1231 0
852 1203 0
852 1205 0
852 1175 0
852 1232 0
853 1233 0
853 1205 0
853 1208 0
853 1178 0
853 1234 0
854 1235 0
854 1236 0
854 1237 0
854 1238 0
854 1239 0
855 1240 0
855 1210 0
855 1180 0
856 1241 0
856 1210 0
856 1212 0
856 1209 0
857 1242 0
857 1212 0
857 1214 0
857 1211 0
858 1214 0
858 1242 0
858 1243 0
858 1213 0
859 1216 0
859 1243 0
859 1218 0
859 1192 0
860 1221 0
860 1218 0
860 1244 0
860 1217 0
861 1223 0
861 1245 0
861 1246 0
861 1194 0
861 1247 0
862 1246 0
862 1223 0
862 1226 0
862 1195 0
862 1248 0
863 1226 0
863 1246 0
863 1249 0
863 1224 0
863 1250 0
864 1249 0
864 1226 0
864 1227 0
864 1225 0
864 1251 0
865 1252 0
865 1227 0
865 1229 0
865 1198 0
865 1253 0
866 1229 0
866 1252 0
866 1254 0
866 1228 0
867 1254 0
867 1229 0
867 1230 0
867 1200 0
868 1230 0
868 1254 0
868 1255 0
868 1202 0
869 1255 0
869 1230 0
869 1232 0
869 1203 0
870 1256 0
870 1232 0
870 1234 0
870 1205 0
871 1257 0
871 1234 0
871 1258 0
871 1208 0
872 1259 0
872 1258 0
872 1239 0
872 1236 0
873 1247 0
873 1248 0
873 1223 0
873 1260 0
874 1250 0
874 1248 0
874 1251 0
874 1226 0
874 1261 0
875 1262 0
875 1251 0
875 1253 0
875 1227 0
875 1263 0
876 1264 0
876 1260 0
876 1261 0
876 1248 0
876 1265 0
877 1266 0
877 1261 0
877 1263 0
877 1251 0
877 1267 0
878 1268 0
878 1263 0
878 1253 0
878 1269 0
879 1270 0
879 1271 0
879 1272 0
880 1273 0
880 1271 0
880 1274 0
880 1275 0
881 1276 0
881 1274 0
881 1277 0
881 1278 0
882 1279 0
882 1280 0
882 1281 0
882 1282 0
883 1281 0
883 1279 0
883 1283 0
883 1284 0
884 1283 0
884 1281 0
884 1265 0
884 1260 0
884 1285 0
885 1286 0
885 1265 0
885 1267 0
885 1261 0
885 1287 0
886 1267 0
886 1286 0
886 1288 0
886 1266 0
886 1289 0
887 1288 0
887 1267 0
887 1269 0
887 1263 0
887 1290 0
888 1291 0
888 1269 0
888 1292 0
888 1293 0
889 1294 0
889 1292 0
889 1295 0
889 1296 0
890 1297 0
890 1295 0
890 1298 0
890 1299 0
891 1272 0
891 1300 0
891 1270 0
891 1301 0
892 1300 0
892 1272 0
892 1275 0
892 1271 0
892 1302 0
893 1275 0
893 1300 0
893 1303 0
893 1273 0
893 1304 0
894 1303 0
894 1275 0
894 1278 0
894 1274 0
894 1305 0
895 1306 0
895 1278 0
895 1307 0
895 1277 0
895 1308 0
896 1309 0
896 1307 0
896 1310 0
896 1311 0
896 1312 0
897 1282 0
897 1313 0
897 1284 0
897 1279 0
897 1314 0
898 1284 0
898 1282 0
898 1285 0
898 1281 0
899 1315 0
899 1285 0
899 1287 0
899 1265 0
899 1316 0
900 1289 0
900 1287 0
900 1290 0
900 1267 0
901 1317 0
901 1290 0
901 1293 0
901 1269 0
901 1318 0
902 1319 0
902 1293 0
902 1296 0
902 1292 0
902 1320 0
903 1321 0
903 1296 0
903 1299 0
903 1295 0
903 1322 0
904 1323 0
904 1299 0
904 1324 0
904 1298 0
904 1325 0
905 1326 0
905 1327 0
905 1328 0
905 1329 0
905 1330 0
906 1302 0
906 1301 0
906 1304 0
906 1300 0
906 1331 0
907 1305 0
907 1304 0
907 1332 0
907 1303 0
907 1333 0
908 1334 0
908 1316 0
908 1285 0
908 1335 0
909 1336 0
909 1318 0
909 1290 0
909 1337 0
910 1338 0
910 1320 0
910 1322 0
910 1296 0
910 1339 0
911 1333 0
911 1340 0
911 1341 0
911 1305 0
911 1342 0
912 1335 0
912 1343 0
912 1344 0
912 1334 0
912 1345 0
913 1344 0
913 1335 0
913 1316 0
913 1346 0
914 1347 0
914 1337 0
914 1348 0
914 1318 0
914 1349 0
915 1350 0
915 1339 0
915 1351 0
915 1322 0
915 1352 0
916 1353 0
916 1354 0
916 1355 0
916 1356 0
917 1357 0
917 1352 0
917 1358 0
917 1351 0
917 1359 0
918 1360 0
918 1356 0
918 1361 0
918 1354 0
918 1362 0
919 1363 0
919 1364 0
919 1365 0
919 1349 0
919 1366 0
920 1367 0
920 1365 0
920 1368 0
920 1369 0
920 1370 0
921 1371 0
921 1359 0
921 1372 0
921 1358 0
921 1373 0
922 1374 0
922 1362 0
922 1356 0
922 1375 0
923 1376 0
923 1377 0
923 1378 0
924 1379 0
924 1377 0
924 1380 0
924 1381 0
924 1382 0
925 1383 0
925 1366 0
925 1364 0
925 1384 0
926 1385 0
926 1366 0
926 1370 0
926 1365 0
926 1386 0
927 1387 0
927 1370 0
927 1388 0
927 1368 0
927 1389 0
928 1390 0
928 1373 0
928 1391 0
928 1372 0
928 1392 0
929 1393 0
929 1375 0
929 1394 0
929 1362 0
929 1395 0
930 1396 0
930 1394 0
930 1397 0
930 1398 0
930 1399 0
931 1400 0
931 1378 0
931 1401 0
932 1402 0
932 1378 0
932 1382 0
932 1377 0
932 1403 0
933 1404 0
933 1384 0
933 1386 0
933 1366 0
933 1405 0
934 1406 0
934 1386 0
934 1389 0
934 1370 0
934 1407 0
935 1408 0
935 1389 0
935 1409 0
935 1388 0
935 1410 0
936 1411 0
936 1401 0
936 1403 0
936 1378 0
936 1412 0
937 1413 0
937 1405 0
937 1384 0
937 1414 0
938 1415 0
938 1405 0
938 1407 0
938 1386 0
938 1416 0
939 1417 0
939 1407 0
939 1410 0
939 1389 0
939 1418 0
940 1410 0
940 1417 0
940 1419 0
940 1408 0
940 1420 0
941 1419 0
941 1410 0
941 1421 0
941 1409 0
941 1422 0
942 1423 0
942 1424 0
942 1425 0
942 1426 0
942 1427 0
943 1428 0
943 1429 0
943 1430 0
944 1431 0
944 1412 0
944 1432 0
944 1403 0
944 1433 0
945 1414 0
945 1434 0
945 1413 0
945 1435 0
946 1434 0
946 1414 0
946 1416 0
946 1405 0
946 1436 0
947 1416 0
947 1434 0
947 1437 0
947 1415 0
947 1438 0
948 1437 0
948 1416 0
948 1418 0
948 1407 0
948 1439 0
949 1420 0
949 1418 0
949 1422 0
949 1410 0
949 1440 0
950 1441 0
950 1442 0
950 1443 0
950 1444 0
951 1445 0
951 1430 0
951 1446 0
952 1447 0
952 1430 0
952 1448 0
952 1429 0
952 1449 0
953 1450 0
953 1433 0
953 1451 0
953 1432 0
953 1452 0
954 1453 0
954 1451 0
954 1454 0
954 1455 0
954 1456 0
955 1435 0
955 1436 0
955 1414 0
955 1457 0
956 1436 0
956 1435 0
956 1438 0
956 1434 0
956 1458 0
957 1438 0
957 1436 0
957 1439 0
957 1416 0
957 1459 0
958 1439 0
958 1438 0
958 1460 0
958 1437 0
958 1461 0
959 1460 0
959 1439 0
959 1440 0
959 1418 0
959 1462 0
960 1463 0
960 1446 0
960 1464 0
961 1465 0
961 1446 0
961 1449 0
961 1430 0
961 1466 0
962 1467 0
962 1449 0
962 1468 0
962 1448 0
962 1469 0
963 1470 0
963 1452 0
963 1456 0
963 1451 0
963 1471 0
964 1472 0
964 1456 0
964 1454 0
964 1473 0
965 1457 0
965 1458 0
965 1435 0
965 1474 0
966 1458 0
966 1457 0
966 1459 0
966 1436 0
966 1475 0
967 1459 0
967 1458 0
967 1461 0
967 1438 0
967 1476 0
968 1461 0
968 1459 0
968 1462 0
968 1439 0
968 1477 0
969 1478 0
969 1479 0
969 1480 0
969 1481 0
970 1482 0
970 1464 0
971 1483 0
971 1464 0
971 1466 0
971 1446 0
972 1484 0
972 1466 0
972 1469 0
972 1449 0
973 1485 0
973 1471 0
973 1473 0
973 1456 0
974 1474 0
974 1475 0
974 1457 0
975 1475 0
975 1474 0
975 1476 0
975 1458 0
0 743 0
1 744 0
2 745 0
3 746 0
4 747 0
5 748 0
6 749 0
7 750 0
8 751 0
9 752 0
10 753 0
11 754 0
12 755 0
13 756 0
14 757 0
15 758 0
16 759 0
17 760 0
18 761 0
19 762 0
20 763 0
21 764 0
22 765 0
23 766 0
24 767 0
25 768 0
26 769 0
27 770 0
28 771 0
29 772 0
30 773 0
31 774 0
32 775 0
33 776 0
34 777 0
35 778 0
36 779 0
37 780 0
38 781 0
39 782 0
40 783 0
41 784 0
42 785 0
43 786 0
44 787 0
45 788 0
46 789 0
47 790 0
48 791 0
49 792 0
50 793 0
51 794 0
52 795 0
53 796 0
54 797 0
55 798 0
56 799 0
57 800 0
58 801 0
59 802 0
60 803 0
61 804 0
62 805 0
63 806 0
64 807 0
65 808 0
66 809 0
67 810 0
68 811 0
69 812 0
70 813 0
71 814 0
72 815 0
73 816 0
74 817 0
75 818 0
76 819 0
77 820 0
78 821 0
79 822 0
80 823 0
81 824 0
82 825 0
83 826 0
84 827 0
85 828 0
86 829 0
87 830 0
88 831 0
89 832 0
90 833 0
91 834 0
92 835 0
93 836 0
94 837 0
95 838 0
96 839 0
97 840 0
98 841 0
99 842 0
100 843 0
101 844 0
102 845 0
103 846 0
104 847 0
105 848 0
106 849 0
107 850 0
108 851 0
109 852 0
110 853 0
111 854 0
112 855 0
113 856 0
114 857 0
115 858 0
116 859 0
117 860 0
118 861 0
119 862 0
120 863 0
121 864 0
122 865 0
123 866 0
124 867 0
125 868 0
126 869 0
127 870 0
128 871 0
129 872 0
130 873 0
131 874 0
132 875 0
133 876 0
134 877 0
135 878 0
136 879 0
137 880 0
138 881 0
139 882 0
140 883 0
141 884 0
142 885 0
143 886 0
144 887 0
145 888 0
146 889 0
147 890 0
148 891 0
149 892 0
150 893 0
151 894 0
152 895 0
153 896 0
154 897 0
155 898 0
156 899 0
157 900 0
158 901 0
159 902 0
160 903 0
161 904 0
162 905 0
163 906 0
164 907 0
165 908 0
166 909 0
167 910 0
168 911 0
169 912 0
170 913 0
171 914 0
172 915 0
173 916 0
174 917 0
175 918 0
176 919 0
177 920 0
178 921 0
179 922 0
180 923 0
181 924 0
182 925 0
183 926 0
184 927 0
185 928 0
186 929 0
187 930 0
188 931 0
189 932 0
190 933 0
191 934 0
192 935 0
193 936 0
194 937 0
195 938 0
196 939 0
197 940 0
198 941 0
199 942 0
200 943 0
201 944 0
202 945 0
203 946 0
204 947 0
205 948 0
206 949 0
207 950 0
208 951 0
209 952 0
210 953 0
211 954 0
212 955 0
213 956 0
214 957 0
215 958 0
216 959 0
217 960 0
218 961 0
219 962 0
220 963 0
221 964 0
222 965 0
223 966 0
224 967 0
225 968 0
226 969 0
227 970 0
228 971 0
229 972 0
230 973 0
231 974 0
232 975 0
233 976 0
234 977 0
235 978 0
236 979 0
237 980 0
238 981 0
239 982 0
240 983 0
241 984 0
242 985 0
243 986 0
244 987 0
245 988 0
246 989 0
247 990 0
248 991 0
249 992 0
250 993 0
251 994 0
252 995 0
253 996 0
254 997 0
255 998 0
256 999 0
257 1000 0
258 1001 0
259 1002 0
260 1003 0
261 1004 0
262 1005 0
263 1006 0
264 1007 0
265 1008 0
266 1009 0
267 1010 0
268 1011 0
269 1012 0
270 1013 0
271 1014 0
272 1015 0
273 1016 0
274 1017 0
275 1018 0
276 1019 0
277 1020 0
278 1021 0
279 1022 0
280 1023 0
281 1024 0
282 1025 0
283 1026 0
284 1027 0
285 1028 0
286 1029 0
287 1030 0
288 1031 0
289 1032 0
290 1033 0
291 1034 0
292 1035 0
293 1036 0
294 1037 0
295 1038 0
296 1039 0
297 1040 0
298 1041 0
299 1042 0
300 1043 0
301 1044 0
302 1045 0
303 1046 0
304 1047 0
305 1048 0
306 1049 0
307 1050 0
308 1051 0
309 1052 0
310 1053 0
311 1054 0
312 1055 0
313 1056 0
314 1057 0
315 1058 0
316 1059 0
317 1060 0
318 1061 0
319 1062 0
320 1063 0
321 1064 0
322 1065 0
323 1066 0
324 1067 0
325 1068 0
326 1069 0
327 1070 0
328 1071 0
329 1072 0
330 1073 0
331 1074 0
332 1075 0
333 1076 0
334 1077 0
335 1078 0
336 1079 0
337 1080 0
338 1081 0
339 1082 0
340 1083 0
341 1084 0
342 1085 0
343 1086 0
344 1087 0
345 1088 0
346 1089 0
347 1090 0
348 1091 0
349 1092 0
350 1093 0
351 1094 0
352 1095 0
353 1096 0
354 1097 0
355 1098 0
356 1099 0
357 1100 0
358 1101 0
359 1102 0
360 1103 0
361 1104 0
362 1105 0
363 1106 0
364 1107 0
365 1108 0
366 1109 0
367 1110 0
368 1111 0
369 1112 0
370 1113 0
371 1114 0
372 1115 0
373 1116 0
374 1117 0
375 1118 0
376 1119 0
377 1120 0
378 1121 0
379 1122 0
380 1123 0
381 1124 0
382 1125 0
383 1126 0
384 1127 0
385 1128 0
386 1129 0
387 1130 0
388 1131 0
389 1132 0
390 1133 0
391 1134 0
392 1135 0
393 1136 0
394 1137 0
395 1138 0
396 1139 0
397 1140 0
398 1141 0
399 1142 0
400 1143 0
401 1144 0
402 1145 0
403 1146 0
404 1147 0
405 1148 0
406 1149 0
407 1150 0
408 1151 0
409 1152 0
410 1153 0
411 1154 0
412 1155 0
413 1156 0
414 1157 0
415 1158 0
416 1159 0
417 1160 0
418 1161 0
419 1162 0
420 1163 0
421 1164 0
422 1165 0
423 1166 0
424 1167 0
425 1168 0
426 1169 0
427 1170 0
428 1171 0
429 1172 0
430 1173 0
431 1174 0
432 1175 0
433 1176 0
434 1177 0
435 1178 0
436 1179 0
437 1180 0
438 1181 0
439 1182 0
440 1183 0
441 1184 0
442 1185 0
443 1186 0
444 1187 0
445 1188 0
446 1189 0
447 1190 0
448 1191 0
449 1192 0
450 1193 0
451 1194 0
452 1195 0
453 1196 0
454 1197 0
455 1198 0
456 1199 0
457 1200 0
458 1201 0
459 1202 0
460 1203 0
461 1204 0
462 1205 0
463 1206 0
464 1207 0
465 1208 0
466 1209 0
467 1210 0
468 1211 0
469 1212 0
470 1213 0
471 1214 0
472 1215 0
473 1216 0
474 1217 0
475 1218 0
476 1219 0
477 1220 0
478 1221 0
479 1222 0
480 1223 0
481 1224 0
482 1225 0
483 1226 0
484 1227 0
485 1228 0
486 1229 0
487 1230 0
488 1231 0
489 1232 0
490 1233 0
491 1234 0
492 1235 0
493 1236 0
494 1237 0
495 1238 0
496 1239 0
497 1240 0
498 1241 0
499 1242 0
500 1243 0
501 1244 0
502 1245 0
503 1246 0
504 1247 0
505 1248 0
506 1249 0
507 1250 0
508 1251 0
509 1252 0
510 1253 0
511 1254 0
512 1255 0
513 1256 0
514 1257 0
515 1258 0
516 1259 0
517 1260 0
518 1261 0
519 1262 0
520 1263 0
521 1264 0
522 1265 0
523 1266 0
524 1267 0
525 1268 0
526 1269 0
527 1270 0
528 1271 0
529 1272 0
530 1273 0
531 1274 0
532 1275 0
533 1276 0
534 1277 0
535 1278 0
536 1279 0
537 1280 0
538 1281 0
539 1282 0
540 1283 0
541 1284 0
542 1285 0
543 1286 0
544 1287 0
545 1288 0
546 1289 0
547 1290 0
548 1291 0
549 1292 0
550 1293 0
551 1294 0
552 1295 0
553 1296 0
554 1297 0
555 1298 0
556 1299 0
557 1300 0
558 1301 0
559 1302 0
560 1303 0
561 1304 0
562 1305 0
563 1306 0
564 1307 0
565 1308 0
566 1309 0
567 1310 0
568 1311 0
569 1312 0
570 1313 0
571 1314 0
572 1315 0
573 1316 0
574 1317 0
575 1318 0
576 1319 0
577 1320 0
578 1321 0
579 1322 0
580 1323 0
581 1324 0
582 1325 0
583 1326 0
584 1327 0
585 1328 0
586 1329 0
587 1330 0
588 1331 0
589 1332 0
590 1333 0
591 1334 0
592 1335 0
593 1336 0
594 1337 0
595 1338 0
596 1339 0
597 1340 0
598 1341 0
599 1342 0
600 1343 0
601 1344 0
602 1345 0
603 1346 0
604 1347 0
605 1348 0
606 1349 0
607 1350 0
608 1351 0
609 1352 0
610 1353 0
611 1354 0
612 1355 0
613 1356 0
614 1357 0
615 1358 0
616 1359 0
617 1360 0
618 1361 0
619 1362 0
620 1363 0
621 1364 0
622 1365 0
623 1366 0
624 1367 0
625 1368 0
626 1369 0
627 1370 0
628 1371 0
629 1372 0
630 1373 0
631 1374 0
632 1375 0
633 1376 0
634 1377 0
635 1378 0
636 1379 0
637 1380 0
638 1381 0
639 1382 0
640 1383 0
641 1384 0
642 1385 0
643 1386 0
644 1387 0
645 1388 0
646 1389 0
647 1390 0
648 1391 0
649 1392 0
650 1393 0
651 1394 0
652 1395 0
653 1396 0
654 1397 0
655 1398 0
656 1399 0
657 1400 0
658 1401 0
659 1402 0
660 1403 0
661 1404 0
662 1405 0
663 1406 0
664 1407 0
665 1408 0
666 1409 0
667 1410 0
668 1411 0
669 1412 0
670 1413 0
671 1414 0
672 1415 0
673 1416 0
674 1417 0
675 1418 0
676 1419 0
677 1420 0
678 1421 0
679 1422 0
680 1423 0
681 1424 0
682 1425 0
683 1426 0
684 1427 0
685 1428 0
686 1429 0
687 1430 0
688 1431 0
689 1432 0
690 1433 0
691 1434 0
692 1435 0
693 1436 0
694 1437 0
695 1438 0
696 1439 0
697 1440 0
698 1441 0
699 1442 0
700 1443 0
701 1444 0
702 1445 0
703 1446 0
704 1447 0
705 1448 0
706 1449 0
707 1450 0
708 1451 0
709 1452 0
710 1453 0
711 1454 0
712 1455 0
713 1456 0
714 1457 0
715 1458 0
716 1459 0
717 1460 0
718 1461 0
719 1462 0
720 1463 0
721 1464 0
722 1465 0
723 1466 0
724 1467 0
725 1468 0
726 1469 0
727 1470 0
728 1471 0
729 1472 0
730 1473 0
731 1474 0
732 1475 0
733 1476 0
734 1477 0
735 1478 0
736 1479 0
737 1480 0
738 1481 0
739 1482 0
740 1483 0
741 1484 0
742 1485 0
