160 246
0 17 -607
0 18 -654
0 19 -688
0 20 -699
0 21 -665
1 22 -749
1 23 -860
1 24 -792
1 25 -847
2 26 -735
2 24 -792
2 27 -756
2 28 -760
2 29 -835
3 30 -681
3 27 -756
3 31 -708
3 32 -708
3 33 -731
4 34 -635
4 31 -708
4 35 -665
4 36 -666
4 37 -684
5 38 -595
5 35 -665
5 39 -627
5 40 -629
5 41 -644
6 42 -559
6 39 -627
6 43 -591
6 44 -596
6 45 -608
7 46 -524
7 43 -591
7 47 -408
7 48 -562
7 49 -573
8 50 -556
8 51 -856
8 52 -817
8 53 -809
8 54 -825
9 55 -541
9 25 -797
9 29 -785
9 24 -792
9 56 -843
10 57 -566
10 54 -825
10 58 -806
10 52 -817
10 59 -865
11 60 -556
11 59 -865
11 61 -849
11 58 -806
11 62 -809
12 63 -552
12 62 -809
12 64 -799
12 61 -849
12 65 -805
13 66 -745
13 64 -849
13 67 -824
13 68 -840
13 69 -849
14 70 -578
14 71 -856
14 72 -870
14 73 -826
14 74 -805
15 75 -561
15 72 -870
15 65 -805
15 62 -809
16 76 -735
16 77 -811
16 78 -776
16 74 -805
16 79 -818
80 97 -607
80 98 -654
80 99 -688
80 100 -699
80 101 -665
81 102 -749
81 103 -860
81 104 -792
81 105 -847
82 106 -735
82 104 -792
82 107 -756
82 108 -760
82 109 -835
83 110 -681
83 107 -756
83 111 -708
83 112 -708
83 113 -731
84 114 -635
84 111 -708
84 115 -665
84 116 -666
84 117 -684
85 118 -595
85 115 -665
85 119 -627
85 120 -629
85 121 -644
86 122 -559
86 119 -627
86 123 -591
86 124 -596
86 125 -608
87 126 -524
87 123 -591
87 127 -408
87 128 -562
87 129 -573
88 130 -556
88 131 -856
88 132 -817
88 133 -809
88 134 -825
89 135 -541
89 105 -797
89 109 -785
89 104 -792
89 136 -843
90 137 -566
90 134 -825
90 138 -806
90 132 -817
90 139 -865
91 140 -556
91 139 -865
91 141 -849
91 138 -806
91 142 -809
92 143 -552
92 142 -809
92 144 -799
92 141 -849
92 145 -805
93 146 -745
93 144 -849
93 147 -824
93 148 -840
93 149 -849
94 150 -578
94 151 -856
94 152 -870
94 153 -826
94 154 -805
95 155 -561
95 152 -870
95 145 -805
95 142 -809
96 156 -735
96 157 -811
96 158 -776
96 154 -805
96 159 -818
0 80 0
1 81 0
2 82 0
3 83 0
4 84 0
5 85 0
6 86 0
7 87 0
8 88 0
9 89 0
10 90 0
11 91 0
12 92 0
13 93 0
14 94 0
15 95 0
16 96 0
17 97 0
18 98 0
19 99 0
20 100 0
21 101 0
22 102 0
23 103 0
24 104 0
25 105 0
26 106 0
27 107 0
28 108 0
29 109 0
30 110 0
31 111 0
32 112 0
33 113 0
34 114 0
35 115 0
36 116 0
37 117 0
38 118 0
39 119 0
40 120 0
41 121 0
42 122 0
43 123 0
44 124 0
45 125 0
46 126 0
47 127 0
48 128 0
49 129 0
50 130 0
51 131 0
52 132 0
53 133 0
54 134 0
55 135 0
56 136 0
57 137 0
58 138 0
59 139 0
60 140 0
61 141 0
62 142 0
63 143 0
64 144 0
65 145 0
66 146 0
67 147 0
68 148 0
69 149 0
70 150 0
71 151 0
72 152 0
73 153 0
74 154 0
75 155 0
76 156 0
77 157 0
78 158 0
79 159 0
