364 638
0 50 -180
0 51 -373
0 52 -380
0 53 -391
1 54 -352
1 55 -400
1 56 -396
1 57 -240
1 58 -412
2 59 -352
2 60 -394
2 61 -402
2 53 -391
2 62 -411
3 63 -372
3 64 -420
3 65 -415
3 58 -412
3 66 -431
4 67 -372
4 68 -412
4 69 -422
4 62 -411
4 70 -433
5 71 -392
5 72 -441
5 73 -434
5 66 -431
5 74 -453
6 75 -395
6 76 -433
6 77 -447
6 70 -433
6 78 -458
7 79 -414
7 80 -463
7 81 -453
7 74 -453
7 82 -476
8 83 -222
8 84 -458
8 85 -475
8 78 -458
8 86 -488
9 87 -414
9 82 -476
9 88 -503
9 81 -453
9 89 -476
10 90 -389
10 91 -426
10 92 -454
11 93 -422
11 86 -538
11 84 -458
12 94 -441
12 86 -538
12 85 -475
12 95 -409
13 96 -439
13 97 -490
13 89 -476
13 82 -476
13 98 -404
14 99 -389
14 100 -426
14 92 -454
14 91 -426
14 101 -354
15 102 -455
15 95 -409
15 86 -538
15 103 -524
16 95 -459
16 102 -305
16 94 -291
16 104 -428
17 105 -456
17 98 -404
17 97 -490
17 106 -523
18 98 -454
18 105 -406
18 96 -389
18 107 -421
19 108 -419
19 109 -354
19 110 -285
20 109 -404
20 108 -369
20 111 -441
20 112 -441
20 113 -369
21 114 -378
21 111 -441
21 115 -417
21 116 -417
21 117 -441
22 118 -172
22 119 -382
22 120 -363
22 121 -378
23 122 -342
23 119 -382
23 123 -403
23 124 -383
23 125 -400
24 126 -364
24 123 -403
24 127 -426
24 128 -403
24 129 -423
25 130 -389
25 127 -426
25 101 -354
25 100 -426
25 131 -450
26 101 -404
26 130 -339
26 132 -369
26 99 -339
26 133 -365
27 132 -419
27 101 -354
27 134 -486
27 92 -454
27 135 -381
28 136 -454
28 134 -486
28 103 -524
28 137 -419
29 104 -478
29 103 -524
29 138 -525
29 95 -409
29 139 -424
30 140 -474
30 138 -525
30 106 -523
30 141 -540
31 107 -471
31 106 -523
31 142 -502
31 98 -404
31 143 -437
32 110 -435
32 142 -502
32 113 -369
32 108 -369
32 144 -547
33 113 -419
33 110 -285
33 145 -354
33 109 -354
33 146 -280
34 145 -404
34 113 -369
34 117 -441
34 111 -441
34 147 -465
35 148 -378
35 117 -441
35 149 -417
35 115 -417
35 150 -437
36 151 -357
36 149 -417
36 152 -397
36 153 -397
36 154 -414
37 155 -337
37 152 -397
37 156 -227
37 157 -378
37 158 -393
38 159 -386
38 129 -423
38 131 -450
38 127 -426
39 133 -415
39 131 -450
39 135 -381
39 101 -354
40 135 -431
40 133 -365
40 160 -499
40 132 -369
41 137 -469
41 160 -499
41 161 -441
41 136 -404
42 161 -491
42 137 -419
42 139 -424
42 103 -524
42 162 -438
43 163 -492
43 139 -424
43 141 -540
43 138 -525
43 164 -488
44 143 -487
44 165 -539
44 166 -416
44 107 -421
44 167 -454
45 166 -266
45 143 -437
45 144 -497
45 142 -502
46 146 -430
46 144 -547
46 147 -465
46 113 -369
47 168 -342
47 169 -574
47 170 -625
47 171 -575
47 172 -537
48 173 -301
48 174 -593
48 175 -561
48 176 -587
48 177 -583
49 178 -337
49 179 -640
49 180 -607
49 181 -542
182 232 -180
182 233 -373
182 234 -380
182 235 -391
183 236 -352
183 237 -400
183 238 -396
183 239 -240
183 240 -412
184 241 -352
184 242 -394
184 243 -402
184 235 -391
184 244 -411
185 245 -372
185 246 -420
185 247 -415
185 240 -412
185 248 -431
186 249 -372
186 250 -412
186 251 -422
186 244 -411
186 252 -433
187 253 -392
187 254 -441
187 255 -434
187 248 -431
187 256 -453
188 257 -395
188 258 -433
188 259 -447
188 252 -433
188 260 -458
189 261 -414
189 262 -463
189 263 -453
189 256 -453
189 264 -476
190 265 -222
190 266 -458
190 267 -475
190 260 -458
190 268 -488
191 269 -414
191 264 -476
191 270 -503
191 263 -453
191 271 -476
192 272 -389
192 273 -426
192 274 -454
193 275 -422
193 268 -538
193 266 -458
194 276 -441
194 268 -538
194 267 -475
194 277 -409
195 278 -439
195 279 -490
195 271 -476
195 264 -476
195 280 -404
196 281 -389
196 282 -426
196 274 -454
196 273 -426
196 283 -354
197 284 -455
197 277 -409
197 268 -538
197 285 -524
198 277 -459
198 284 -305
198 276 -291
198 286 -428
199 287 -456
199 280 -404
199 279 -490
199 288 -523
200 280 -454
200 287 -406
200 278 -389
200 289 -421
201 290 -419
201 291 -354
201 292 -285
202 291 -404
202 290 -369
202 293 -441
202 294 -441
202 295 -369
203 296 -378
203 293 -441
203 297 -417
203 298 -417
203 299 -441
204 300 -172
204 301 -382
204 302 -363
204 303 -378
205 304 -342
205 301 -382
205 305 -403
205 306 -383
205 307 -400
206 308 -364
206 305 -403
206 309 -426
206 310 -403
206 311 -423
207 312 -389
207 309 -426
207 283 -354
207 282 -426
207 313 -450
208 283 -404
208 312 -339
208 314 -369
208 281 -339
208 315 -365
209 314 -419
209 283 -354
209 316 -486
209 274 -454
209 317 -381
210 318 -454
210 316 -486
210 285 -524
210 319 -419
211 286 -478
211 285 -524
211 320 -525
211 277 -409
211 321 -424
212 322 -474
212 320 -525
212 288 -523
212 323 -540
213 289 -471
213 288 -523
213 324 -502
213 280 -404
213 325 -437
214 292 -435
214 324 -502
214 295 -369
214 290 -369
214 326 -547
215 295 -419
215 292 -285
215 327 -354
215 291 -354
215 328 -280
216 327 -404
216 295 -369
216 299 -441
216 293 -441
216 329 -465
217 330 -378
217 299 -441
217 331 -417
217 297 -417
217 332 -437
218 333 -357
218 331 -417
218 334 -397
218 335 -397
218 336 -414
219 337 -337
219 334 -397
219 338 -227
219 339 -378
219 340 -393
220 341 -386
220 311 -423
220 313 -450
220 309 -426
221 315 -415
221 313 -450
221 317 -381
221 283 -354
222 317 -431
222 315 -365
222 342 -499
222 314 -369
223 319 -469
223 342 -499
223 343 -441
223 318 -404
224 343 -491
224 319 -419
224 321 -424
224 285 -524
224 344 -438
225 345 -492
225 321 -424
225 323 -540
225 320 -525
225 346 -488
226 325 -487
226 347 -539
226 348 -416
226 289 -421
226 349 -454
227 348 -266
227 325 -437
227 326 -497
227 324 -502
228 328 -430
228 326 -547
228 329 -465
228 295 -369
229 350 -342
229 351 -574
229 352 -625
229 353 -575
229 354 -537
230 355 -301
230 356 -593
230 357 -561
230 358 -587
230 359 -583
231 360 -337
231 361 -640
231 362 -607
231 363 -542
0 182 0
1 183 0
2 184 0
3 185 0
4 186 0
5 187 0
6 188 0
7 189 0
8 190 0
9 191 0
10 192 0
11 193 0
12 194 0
13 195 0
14 196 0
15 197 0
16 198 0
17 199 0
18 200 0
19 201 0
20 202 0
21 203 0
22 204 0
23 205 0
24 206 0
25 207 0
26 208 0
27 209 0
28 210 0
29 211 0
30 212 0
31 213 0
32 214 0
33 215 0
34 216 0
35 217 0
36 218 0
37 219 0
38 220 0
39 221 0
40 222 0
41 223 0
42 224 0
43 225 0
44 226 0
45 227 0
46 228 0
47 229 0
48 230 0
49 231 0
50 232 0
51 233 0
52 234 0
53 235 0
54 236 0
55 237 0
56 238 0
57 239 0
58 240 0
59 241 0
60 242 0
61 243 0
62 244 0
63 245 0
64 246 0
65 247 0
66 248 0
67 249 0
68 250 0
69 251 0
70 252 0
71 253 0
72 254 0
73 255 0
74 256 0
75 257 0
76 258 0
77 259 0
78 260 0
79 261 0
80 262 0
81 263 0
82 264 0
83 265 0
84 266 0
85 267 0
86 268 0
87 269 0
88 270 0
89 271 0
90 272 0
91 273 0
92 274 0
93 275 0
94 276 0
95 277 0
96 278 0
97 279 0
98 280 0
99 281 0
100 282 0
101 283 0
102 284 0
103 285 0
104 286 0
105 287 0
106 288 0
107 289 0
108 290 0
109 291 0
110 292 0
111 293 0
112 294 0
113 295 0
114 296 0
115 297 0
116 298 0
117 299 0
118 300 0
119 301 0
120 302 0
121 303 0
122 304 0
123 305 0
124 306 0
125 307 0
126 308 0
127 309 0
128 310 0
129 311 0
130 312 0
131 313 0
132 314 0
133 315 0
134 316 0
135 317 0
136 318 0
137 319 0
138 320 0
139 321 0
140 322 0
141 323 0
142 324 0
143 325 0
144 326 0
145 327 0
146 328 0
147 329 0
148 330 0
149 331 0
150 332 0
151 333 0
152 334 0
153 335 0
154 336 0
155 337 0
156 338 0
157 339 0
158 340 0
159 341 0
160 342 0
161 343 0
162 344 0
163 345 0
164 346 0
165 347 0
166 348 0
167 349 0
168 350 0
169 351 0
170 352 0
171 353 0
172 354 0
173 355 0
174 356 0
175 357 0
176 358 0
177 359 0
178 360 0
179 361 0
180 362 0
181 363 0
