668 1110
0 84 -211
0 85 -262
0 86 -309
0 87 -267
1 88 -85
1 89 -282
1 90 -281
1 91 -278
1 92 -291
2 93 -219
2 94 -20
2 95 -263
2 96 -276
3 94 -70
3 93 -169
3 97 -268
3 98 -263
3 99 -276
4 100 -232
4 101 -282
4 96 -276
4 102 -288
5 103 -230
5 101 -282
5 104 -279
5 105 -274
5 106 -285
6 107 -227
6 104 -279
6 108 -326
6 109 -272
6 110 -332
7 111 -252
7 112 -297
7 113 -297
7 114 -296
7 115 -307
8 116 -238
8 102 -288
8 106 -285
8 101 -282
8 117 -294
9 118 -244
9 117 -294
9 102 -288
9 119 -301
10 120 -241
10 117 -294
10 121 -289
10 106 -285
10 122 -297
11 123 -263
11 124 -307
11 125 -308
11 115 -307
11 126 -320
12 127 -250
12 119 -301
12 122 -297
12 117 -294
12 128 -306
13 129 -257
13 128 -306
13 119 -301
13 130 -313
14 131 -277
14 132 -319
14 133 -321
14 126 -320
14 134 -334
15 135 -261
15 130 -313
15 136 -306
15 128 -306
15 137 -316
16 138 -269
16 137 -316
16 130 -313
16 139 -326
17 140 -278
17 141 -372
17 142 -332
17 143 -370
17 144 -330
18 145 -73
18 139 -326
18 146 -316
18 137 -316
18 147 -380
19 148 -286
19 144 -330
19 149 -241
19 142 -332
19 150 -341
20 149 -291
20 148 -236
20 151 -347
21 152 -302
21 153 -346
21 154 -343
21 155 -363
22 156 -284
22 147 -380
22 139 -326
22 157 -392
23 158 -259
23 159 -315
23 160 -303
23 161 -303
23 162 -315
24 163 -251
24 164 -294
24 165 -308
24 166 -299
24 167 -299
25 168 -266
25 165 -308
25 169 -322
25 170 -314
25 171 -314
26 172 -278
26 169 -322
26 173 -335
26 174 -324
26 175 -327
27 176 -304
27 151 -347
27 155 -363
27 177 -355
28 178 -306
28 155 -363
28 179 -351
28 153 -346
28 180 -358
29 181 -296
29 179 -351
29 157 -392
29 182 -347
30 183 -279
30 184 -388
30 185 -322
30 186 -329
31 187 -259
31 162 -315
31 188 -303
31 160 -303
31 189 -308
32 190 -249
32 188 -303
32 191 -293
32 192 -295
32 193 -297
33 194 -232
33 195 -287
33 196 -276
33 197 -279
33 198 -280
34 199 -291
34 200 -334
34 201 -247
34 150 -341
35 201 -297
35 199 -241
35 177 -355
35 151 -347
36 202 -314
36 177 -355
36 180 -358
36 155 -363
36 203 -366
37 204 -302
37 180 -358
37 182 -347
37 179 -351
37 205 -353
38 206 -293
38 182 -347
38 207 -238
38 157 -392
38 208 -343
39 207 -288
39 206 -243
39 186 -329
39 184 -388
39 209 -338
40 210 -264
40 211 -321
40 189 -308
40 162 -315
41 212 -252
41 189 -308
41 193 -297
41 188 -303
42 213 -309
42 203 -366
42 205 -353
42 180 -358
42 214 -361
43 215 -297
43 205 -353
43 208 -343
43 182 -347
43 216 -349
44 217 -319
44 214 -361
44 203 -366
44 218 -373
45 219 -304
45 214 -361
45 216 -349
45 205 -353
45 220 -357
46 221 -294
46 216 -349
46 222 -339
46 208 -343
46 223 -346
47 224 -325
47 225 -428
47 218 -373
47 226 -381
48 227 -315
48 218 -373
48 220 -357
48 214 -361
48 228 -369
49 229 -301
49 220 -357
49 223 -346
49 216 -349
49 230 -354
50 231 -290
50 223 -346
50 232 -328
50 222 -339
50 233 -342
51 234 -267
51 232 -328
51 235 -307
51 236 -319
52 237 -335
52 238 -441
52 226 -381
52 225 -428
52 239 -430
53 240 -328
53 226 -381
53 228 -369
53 218 -373
53 241 -365
54 242 -310
54 228 -369
54 230 -354
54 220 -357
55 243 -298
55 230 -354
55 233 -342
55 223 -346
55 244 -337
56 245 -280
56 233 -342
56 236 -319
56 232 -328
57 246 -259
57 236 -319
57 247 -299
57 235 -307
57 248 -299
58 249 -216
58 250 -274
58 251 -259
58 252 -265
58 253 -259
59 254 -203
59 251 -259
59 255 -97
59 256 -252
59 257 -247
60 258 -377
60 259 -327
60 260 -474
60 261 -383
60 262 -464
61 263 -306
61 241 -365
61 228 -369
61 264 -245
62 265 -282
62 244 -337
62 233 -342
62 266 -223
63 267 -362
63 262 -464
63 268 -408
63 260 -474
63 269 -449
64 264 -295
64 270 -353
64 263 -256
64 271 -335
65 266 -273
65 272 -327
65 273 -314
65 265 -232
65 274 -314
66 275 -240
66 276 -282
66 248 -299
67 277 -269
67 274 -314
67 272 -327
67 278 -311
68 279 -257
68 274 -314
68 280 -300
68 273 -314
68 281 -300
69 282 -209
69 283 -266
69 284 -253
69 285 -266
69 286 -253
70 287 -257
70 278 -311
70 281 -300
70 274 -314
70 288 -300
71 289 -244
71 281 -300
71 290 -289
71 280 -300
71 291 -289
72 292 -255
72 293 -350
72 294 -311
72 295 -311
72 296 -300
73 297 -253
73 288 -300
73 278 -311
73 298 -297
74 299 -244
74 288 -300
74 291 -289
74 281 -300
74 300 -289
75 301 -244
75 298 -297
75 300 -289
75 288 -300
75 302 -189
76 303 -234
76 300 -289
76 304 -280
76 291 -289
76 305 -280
77 306 -186
77 307 -230
77 308 -241
78 309 -261
78 310 -305
78 311 -304
78 312 -317
78 313 -304
79 302 -239
79 314 -291
79 315 -284
79 301 -194
79 316 -284
80 317 -236
80 316 -284
80 314 -291
80 318 -280
81 319 -242
81 320 -288
81 321 -286
81 322 -298
81 323 -135
82 324 -224
82 325 -275
82 326 -271
82 327 -279
82 328 -116
83 329 -217
83 330 -317
83 331 -265
83 332 -269
83 333 -309
334 418 -211
334 419 -262
334 420 -309
334 421 -267
335 422 -85
335 423 -282
335 424 -281
335 425 -278
335 426 -291
336 427 -219
336 428 -20
336 429 -263
336 430 -276
337 428 -70
337 427 -169
337 431 -268
337 432 -263
337 433 -276
338 434 -232
338 435 -282
338 430 -276
338 436 -288
339 437 -230
339 435 -282
339 438 -279
339 439 -274
339 440 -285
340 441 -227
340 438 -279
340 442 -326
340 443 -272
340 444 -332
341 445 -252
341 446 -297
341 447 -297
341 448 -296
341 449 -307
342 450 -238
342 436 -288
342 440 -285
342 435 -282
342 451 -294
343 452 -244
343 451 -294
343 436 -288
343 453 -301
344 454 -241
344 451 -294
344 455 -289
344 440 -285
344 456 -297
345 457 -263
345 458 -307
345 459 -308
345 449 -307
345 460 -320
346 461 -250
346 453 -301
346 456 -297
346 451 -294
346 462 -306
347 463 -257
347 462 -306
347 453 -301
347 464 -313
348 465 -277
348 466 -319
348 467 -321
348 460 -320
348 468 -334
349 469 -261
349 464 -313
349 470 -306
349 462 -306
349 471 -316
350 472 -269
350 471 -316
350 464 -313
350 473 -326
351 474 -278
351 475 -372
351 476 -332
351 477 -370
351 478 -330
352 479 -73
352 473 -326
352 480 -316
352 471 -316
352 481 -380
353 482 -286
353 478 -330
353 483 -241
353 476 -332
353 484 -341
354 483 -291
354 482 -236
354 485 -347
355 486 -302
355 487 -346
355 488 -343
355 489 -363
356 490 -284
356 481 -380
356 473 -326
356 491 -392
357 492 -259
357 493 -315
357 494 -303
357 495 -303
357 496 -315
358 497 -251
358 498 -294
358 499 -308
358 500 -299
358 501 -299
359 502 -266
359 499 -308
359 503 -322
359 504 -314
359 505 -314
360 506 -278
360 503 -322
360 507 -335
360 508 -324
360 509 -327
361 510 -304
361 485 -347
361 489 -363
361 511 -355
362 512 -306
362 489 -363
362 513 -351
362 487 -346
362 514 -358
363 515 -296
363 513 -351
363 491 -392
363 516 -347
364 517 -279
364 518 -388
364 519 -322
364 520 -329
365 521 -259
365 496 -315
365 522 -303
365 494 -303
365 523 -308
366 524 -249
366 522 -303
366 525 -293
366 526 -295
366 527 -297
367 528 -232
367 529 -287
367 530 -276
367 531 -279
367 532 -280
368 533 -291
368 534 -334
368 535 -247
368 484 -341
369 535 -297
369 533 -241
369 511 -355
369 485 -347
370 536 -314
370 511 -355
370 514 -358
370 489 -363
370 537 -366
371 538 -302
371 514 -358
371 516 -347
371 513 -351
371 539 -353
372 540 -293
372 516 -347
372 541 -238
372 491 -392
372 542 -343
373 541 -288
373 540 -243
373 520 -329
373 518 -388
373 543 -338
374 544 -264
374 545 -321
374 523 -308
374 496 -315
375 546 -252
375 523 -308
375 527 -297
375 522 -303
376 547 -309
376 537 -366
376 539 -353
376 514 -358
376 548 -361
377 549 -297
377 539 -353
377 542 -343
377 516 -347
377 550 -349
378 551 -319
378 548 -361
378 537 -366
378 552 -373
379 553 -304
379 548 -361
379 550 -349
379 539 -353
379 554 -357
380 555 -294
380 550 -349
380 556 -339
380 542 -343
380 557 -346
381 558 -325
381 559 -428
381 552 -373
381 560 -381
382 561 -315
382 552 -373
382 554 -357
382 548 -361
382 562 -369
383 563 -301
383 554 -357
383 557 -346
383 550 -349
383 564 -354
384 565 -290
384 557 -346
384 566 -328
384 556 -339
384 567 -342
385 568 -267
385 566 -328
385 569 -307
385 570 -319
386 571 -335
386 572 -441
386 560 -381
386 559 -428
386 573 -430
387 574 -328
387 560 -381
387 562 -369
387 552 -373
387 575 -365
388 576 -310
388 562 -369
388 564 -354
388 554 -357
389 577 -298
389 564 -354
389 567 -342
389 557 -346
389 578 -337
390 579 -280
390 567 -342
390 570 -319
390 566 -328
391 580 -259
391 570 -319
391 581 -299
391 569 -307
391 582 -299
392 583 -216
392 584 -274
392 585 -259
392 586 -265
392 587 -259
393 588 -203
393 585 -259
393 589 -97
393 590 -252
393 591 -247
394 592 -377
394 593 -327
394 594 -474
394 595 -383
394 596 -464
395 597 -306
395 575 -365
395 562 -369
395 598 -245
396 599 -282
396 578 -337
396 567 -342
396 600 -223
397 601 -362
397 596 -464
397 602 -408
397 594 -474
397 603 -449
398 598 -295
398 604 -353
398 597 -256
398 605 -335
399 600 -273
399 606 -327
399 607 -314
399 599 -232
399 608 -314
400 609 -240
400 610 -282
400 582 -299
401 611 -269
401 608 -314
401 606 -327
401 612 -311
402 613 -257
402 608 -314
402 614 -300
402 607 -314
402 615 -300
403 616 -209
403 617 -266
403 618 -253
403 619 -266
403 620 -253
404 621 -257
404 612 -311
404 615 -300
404 608 -314
404 622 -300
405 623 -244
405 615 -300
405 624 -289
405 614 -300
405 625 -289
406 626 -255
406 627 -350
406 628 -311
406 629 -311
406 630 -300
407 631 -253
407 622 -300
407 612 -311
407 632 -297
408 633 -244
408 622 -300
408 625 -289
408 615 -300
408 634 -289
409 635 -244
409 632 -297
409 634 -289
409 622 -300
409 636 -189
410 637 -234
410 634 -289
410 638 -280
410 625 -289
410 639 -280
411 640 -186
411 641 -230
411 642 -241
412 643 -261
412 644 -305
412 645 -304
412 646 -317
412 647 -304
413 636 -239
413 648 -291
413 649 -284
413 635 -194
413 650 -284
414 651 -236
414 650 -284
414 648 -291
414 652 -280
415 653 -242
415 654 -288
415 655 -286
415 656 -298
415 657 -135
416 658 -224
416 659 -275
416 660 -271
416 661 -279
416 662 -116
417 663 -217
417 664 -317
417 665 -265
417 666 -269
417 667 -309
0 334 0
1 335 0
2 336 0
3 337 0
4 338 0
5 339 0
6 340 0
7 341 0
8 342 0
9 343 0
10 344 0
11 345 0
12 346 0
13 347 0
14 348 0
15 349 0
16 350 0
17 351 0
18 352 0
19 353 0
20 354 0
21 355 0
22 356 0
23 357 0
24 358 0
25 359 0
26 360 0
27 361 0
28 362 0
29 363 0
30 364 0
31 365 0
32 366 0
33 367 0
34 368 0
35 369 0
36 370 0
37 371 0
38 372 0
39 373 0
40 374 0
41 375 0
42 376 0
43 377 0
44 378 0
45 379 0
46 380 0
47 381 0
48 382 0
49 383 0
50 384 0
51 385 0
52 386 0
53 387 0
54 388 0
55 389 0
56 390 0
57 391 0
58 392 0
59 393 0
60 394 0
61 395 0
62 396 0
63 397 0
64 398 0
65 399 0
66 400 0
67 401 0
68 402 0
69 403 0
70 404 0
71 405 0
72 406 0
73 407 0
74 408 0
75 409 0
76 410 0
77 411 0
78 412 0
79 413 0
80 414 0
81 415 0
82 416 0
83 417 0
84 418 0
85 419 0
86 420 0
87 421 0
88 422 0
89 423 0
90 424 0
91 425 0
92 426 0
93 427 0
94 428 0
95 429 0
96 430 0
97 431 0
98 432 0
99 433 0
100 434 0
101 435 0
102 436 0
103 437 0
104 438 0
105 439 0
106 440 0
107 441 0
108 442 0
109 443 0
110 444 0
111 445 0
112 446 0
113 447 0
114 448 0
115 449 0
116 450 0
117 451 0
118 452 0
119 453 0
120 454 0
121 455 0
122 456 0
123 457 0
124 458 0
125 459 0
126 460 0
127 461 0
128 462 0
129 463 0
130 464 0
131 465 0
132 466 0
133 467 0
134 468 0
135 469 0
136 470 0
137 471 0
138 472 0
139 473 0
140 474 0
141 475 0
142 476 0
143 477 0
144 478 0
145 479 0
146 480 0
147 481 0
148 482 0
149 483 0
150 484 0
151 485 0
152 486 0
153 487 0
154 488 0
155 489 0
156 490 0
157 491 0
158 492 0
159 493 0
160 494 0
161 495 0
162 496 0
163 497 0
164 498 0
165 499 0
166 500 0
167 501 0
168 502 0
169 503 0
170 504 0
171 505 0
172 506 0
173 507 0
174 508 0
175 509 0
176 510 0
177 511 0
178 512 0
179 513 0
180 514 0
181 515 0
182 516 0
183 517 0
184 518 0
185 519 0
186 520 0
187 521 0
188 522 0
189 523 0
190 524 0
191 525 0
192 526 0
193 527 0
194 528 0
195 529 0
196 530 0
197 531 0
198 532 0
199 533 0
200 534 0
201 535 0
202 536 0
203 537 0
204 538 0
205 539 0
206 540 0
207 541 0
208 542 0
209 543 0
210 544 0
211 545 0
212 546 0
213 547 0
214 548 0
215 549 0
216 550 0
217 551 0
218 552 0
219 553 0
220 554 0
221 555 0
222 556 0
223 557 0
224 558 0
225 559 0
226 560 0
227 561 0
228 562 0
229 563 0
230 564 0
231 565 0
232 566 0
233 567 0
234 568 0
235 569 0
236 570 0
237 571 0
238 572 0
239 573 0
240 574 0
241 575 0
242 576 0
243 577 0
244 578 0
245 579 0
246 580 0
247 581 0
248 582 0
249 583 0
250 584 0
251 585 0
252 586 0
253 587 0
254 588 0
255 589 0
256 590 0
257 591 0
258 592 0
259 593 0
260 594 0
261 595 0
262 596 0
263 597 0
264 598 0
265 599 0
266 600 0
267 601 0
268 602 0
269 603 0
270 604 0
271 605 0
272 606 0
273 607 0
274 608 0
275 609 0
276 610 0
277 611 0
278 612 0
279 613 0
280 614 0
281 615 0
282 616 0
283 617 0
284 618 0
285 619 0
286 620 0
287 621 0
288 622 0
289 623 0
290 624 0
291 625 0
292 626 0
293 627 0
294 628 0
295 629 0
296 630 0
297 631 0
298 632 0
299 633 0
300 634 0
301 635 0
302 636 0
303 637 0
304 638 0
305 639 0
306 640 0
307 641 0
308 642 0
309 643 0
310 644 0
311 645 0
312 646 0
313 647 0
314 648 0
315 649 0
316 650 0
317 651 0
318 652 0
319 653 0
320 654 0
321 655 0
322 656 0
323 657 0
324 658 0
325 659 0
326 660 0
327 661 0
328 662 0
329 663 0
330 664 0
331 665 0
332 666 0
333 667 0
