148 216
0 15 -904
0 16 -1012
0 17 -931
0 18 -1031
1 19 -716
1 18 -981
1 20 -958
1 16 -1012
1 21 -961
2 22 -866
2 23 -946
2 24 -939
2 25 -974
3 26 -915
3 24 -939
3 27 -1015
3 28 -1023
3 29 -954
4 30 -711
4 31 -956
4 32 -968
4 33 -1020
4 34 -1006
5 35 -897
5 36 -948
5 29 -954
5 37 -942
6 38 -713
6 34 -1006
6 39 -1021
6 32 -968
6 40 -1010
7 41 -668
7 42 -942
7 43 -947
7 44 -917
8 45 -654
8 46 -536
8 47 -722
8 48 -703
8 49 -691
9 50 -691
9 47 -722
9 51 -761
9 52 -740
9 53 -725
10 54 -731
10 51 -761
10 55 -802
10 56 -781
10 57 -763
11 58 -775
11 55 -802
11 59 -850
11 60 -827
11 61 -803
12 62 -827
12 59 -850
12 63 -906
12 64 -879
12 65 -850
13 66 -889
13 63 -906
13 67 -941
13 37 -942
13 68 -915
14 69 -738
14 70 -821
14 71 -778
14 72 -796
14 73 -830
74 89 -904
74 90 -1012
74 91 -931
74 92 -1031
75 93 -716
75 92 -981
75 94 -958
75 90 -1012
75 95 -961
76 96 -866
76 97 -946
76 98 -939
76 99 -974
77 100 -915
77 98 -939
77 101 -1015
77 102 -1023
77 103 -954
78 104 -711
78 105 -956
78 106 -968
78 107 -1020
78 108 -1006
79 109 -897
79 110 -948
79 103 -954
79 111 -942
80 112 -713
80 108 -1006
80 113 -1021
80 106 -968
80 114 -1010
81 115 -668
81 116 -942
81 117 -947
81 118 -917
82 119 -654
82 120 -536
82 121 -722
82 122 -703
82 123 -691
83 124 -691
83 121 -722
83 125 -761
83 126 -740
83 127 -725
84 128 -731
84 125 -761
84 129 -802
84 130 -781
84 131 -763
85 132 -775
85 129 -802
85 133 -850
85 134 -827
85 135 -803
86 136 -827
86 133 -850
86 137 -906
86 138 -879
86 139 -850
87 140 -889
87 137 -906
87 141 -941
87 111 -942
87 142 -915
88 143 -738
88 144 -821
88 145 -778
88 146 -796
88 147 -830
0 74 0
1 75 0
2 76 0
3 77 0
4 78 0
5 79 0
6 80 0
7 81 0
8 82 0
9 83 0
10 84 0
11 85 0
12 86 0
13 87 0
14 88 0
15 89 0
16 90 0
17 91 0
18 92 0
19 93 0
20 94 0
21 95 0
22 96 0
23 97 0
24 98 0
25 99 0
26 100 0
27 101 0
28 102 0
29 103 0
30 104 0
31 105 0
32 106 0
33 107 0
34 108 0
35 109 0
36 110 0
37 111 0
38 112 0
39 113 0
40 114 0
41 115 0
42 116 0
43 117 0
44 118 0
45 119 0
46 120 0
47 121 0
48 122 0
49 123 0
50 124 0
51 125 0
52 126 0
53 127 0
54 128 0
55 129 0
56 130 0
57 131 0
58 132 0
59 133 0
60 134 0
61 135 0
62 136 0
63 137 0
64 138 0
65 139 0
66 140 0
67 141 0
68 142 0
69 143 0
70 144 0
71 145 0
72 146 0
73 147 0
