88 120
0 8 -2675
0 9 -3032
0 10 -2622
0 11 -2692
1 12 -2476
1 10 -2622
1 13 -2439
1 14 -2517
2 15 -2086
2 16 -2202
2 17 -1923
2 18 -2143
2 19 -2076
3 20 -2155
3 21 -2276
3 22 -2139
3 23 -2272
3 24 -2139
4 25 -2089
4 26 -2205
4 27 -2076
4 28 -2205
4 29 -2076
5 30 -1912
5 31 -2017
5 32 -1910
5 33 -2017
5 34 -1910
6 35 -1810
6 36 -1910
6 37 -1814
6 34 -1910
6 38 -1814
7 39 -1637
7 40 -1727
7 41 -1648
7 42 -1727
7 43 -1648
44 52 -2675
44 53 -3032
44 54 -2622
44 55 -2692
45 56 -2476
45 54 -2622
45 57 -2439
45 58 -2517
46 59 -2086
46 60 -2202
46 61 -1923
46 62 -2143
46 63 -2076
47 64 -2155
47 65 -2276
47 66 -2139
47 67 -2272
47 68 -2139
48 69 -2089
48 70 -2205
48 71 -2076
48 72 -2205
48 73 -2076
49 74 -1912
49 75 -2017
49 76 -1910
49 77 -2017
49 78 -1910
50 79 -1810
50 80 -1910
50 81 -1814
50 78 -1910
50 82 -1814
51 83 -1637
51 84 -1727
51 85 -1648
51 86 -1727
51 87 -1648
0 44 0
1 45 0
2 46 0
3 47 0
4 48 0
5 49 0
6 50 0
7 51 0
8 52 0
9 53 0
10 54 0
11 55 0
12 56 0
13 57 0
14 58 0
15 59 0
16 60 0
17 61 0
18 62 0
19 63 0
20 64 0
21 65 0
22 66 0
23 67 0
24 68 0
25 69 0
26 70 0
27 71 0
28 72 0
29 73 0
30 74 0
31 75 0
32 76 0
33 77 0
34 78 0
35 79 0
36 80 0
37 81 0
38 82 0
39 83 0
40 84 0
41 85 0
42 86 0
43 87 0
