426 685
0 50 -290
0 51 -336
0 52 -337
0 53 -182
0 54 -348
1 55 -301
1 56 -347
1 57 -349
1 58 -193
1 59 -360
2 60 -319
2 61 -365
2 62 -366
2 59 -360
2 63 -374
3 64 -299
3 65 -393
3 66 -354
3 67 -343
3 68 -404
4 69 -331
4 70 -378
4 71 -378
4 63 -374
4 72 -388
5 73 -344
5 74 -391
5 75 -388
5 72 -388
5 76 -400
6 77 -358
6 78 -397
6 79 -405
6 80 -397
6 81 -420
7 82 -352
7 83 -396
7 84 -460
7 85 -446
7 86 -408
8 87 -367
8 88 -416
8 89 -408
8 90 -427
9 91 -143
9 92 -334
9 93 -352
9 94 -342
9 95 -342
10 96 -309
10 93 -352
10 97 -367
10 98 -357
10 99 -358
11 100 -326
11 97 -367
11 101 -384
11 102 -373
11 103 -374
12 104 -384
12 105 -424
12 106 -430
12 81 -420
12 107 -435
13 108 -376
13 109 -426
13 90 -427
13 88 -416
13 110 -427
14 111 -366
14 90 -427
14 112 -406
14 113 -417
15 114 -347
15 112 -406
15 115 -390
15 116 -390
15 117 -398
16 118 -333
16 115 -390
16 119 -377
16 120 -377
16 121 -382
17 122 -321
17 119 -377
17 123 -366
17 124 -367
17 125 -369
18 126 -311
18 123 -366
18 127 -355
18 128 -358
18 129 -359
19 130 -147
19 127 -355
19 131 -337
19 132 -346
19 133 -345
20 134 -315
20 99 -358
20 103 -374
20 97 -367
21 135 -375
21 136 -417
21 107 -435
21 105 -424
22 137 -382
22 107 -435
22 138 -429
22 106 -430
22 139 -435
23 140 -378
23 110 -427
23 113 -417
23 90 -427
23 141 -431
24 142 -357
24 113 -417
24 117 -398
24 112 -406
25 143 -388
25 139 -435
25 107 -435
25 144 -443
26 145 -380
26 146 -430
26 141 -431
26 110 -427
26 147 -434
27 148 -389
27 144 -443
27 149 -436
27 139 -435
27 150 -445
28 151 -384
28 149 -436
28 147 -434
28 146 -430
28 152 -439
29 153 -384
29 147 -434
29 141 -431
29 154 -439
30 155 -384
30 156 -429
30 157 -441
30 158 -441
31 159 -399
31 157 -441
31 150 -445
31 144 -443
31 160 -456
32 161 -391
32 150 -445
32 152 -439
32 149 -436
32 162 -448
33 163 -389
33 152 -439
33 154 -439
33 147 -434
33 164 -445
34 165 -376
34 154 -439
34 166 -413
34 167 -431
35 168 -387
35 169 -433
35 158 -441
35 156 -429
35 170 -425
36 171 -398
36 158 -441
36 160 -456
36 157 -441
37 172 -401
37 160 -456
37 162 -448
37 150 -445
37 173 -442
38 174 -395
38 162 -448
38 164 -445
38 152 -439
39 175 -395
39 164 -445
39 167 -431
39 154 -439
39 176 -438
40 177 -347
40 178 -407
40 179 -387
40 180 -392
40 181 -387
41 182 -329
41 179 -387
41 183 -370
41 184 -374
41 185 -371
42 186 -312
42 183 -370
42 187 -354
42 188 -358
42 189 -355
43 190 -371
43 191 -471
43 192 -420
43 193 -431
43 194 -460
44 195 -397
44 173 -442
44 160 -456
44 196 -439
45 197 -387
45 176 -438
45 164 -445
45 198 -430
46 199 -384
46 196 -439
46 173 -442
46 200 -428
47 201 -313
47 202 -420
47 203 -356
47 185 -371
47 204 -407
48 205 -383
48 206 -421
48 200 -428
48 196 -439
48 207 -429
49 208 -374
49 209 -463
49 210 -466
49 211 -424
49 212 -475
213 263 -290
213 264 -336
213 265 -337
213 266 -182
213 267 -348
214 268 -301
214 269 -347
214 270 -349
214 271 -193
214 272 -360
215 273 -319
215 274 -365
215 275 -366
215 272 -360
215 276 -374
216 277 -299
216 278 -393
216 279 -354
216 280 -343
216 281 -404
217 282 -331
217 283 -378
217 284 -378
217 276 -374
217 285 -388
218 286 -344
218 287 -391
218 288 -388
218 285 -388
218 289 -400
219 290 -358
219 291 -397
219 292 -405
219 293 -397
219 294 -420
220 295 -352
220 296 -396
220 297 -460
220 298 -446
220 299 -408
221 300 -367
221 301 -416
221 302 -408
221 303 -427
222 304 -143
222 305 -334
222 306 -352
222 307 -342
222 308 -342
223 309 -309
223 306 -352
223 310 -367
223 311 -357
223 312 -358
224 313 -326
224 310 -367
224 314 -384
224 315 -373
224 316 -374
225 317 -384
225 318 -424
225 319 -430
225 294 -420
225 320 -435
226 321 -376
226 322 -426
226 303 -427
226 301 -416
226 323 -427
227 324 -366
227 303 -427
227 325 -406
227 326 -417
228 327 -347
228 325 -406
228 328 -390
228 329 -390
228 330 -398
229 331 -333
229 328 -390
229 332 -377
229 333 -377
229 334 -382
230 335 -321
230 332 -377
230 336 -366
230 337 -367
230 338 -369
231 339 -311
231 336 -366
231 340 -355
231 341 -358
231 342 -359
232 343 -147
232 340 -355
232 344 -337
232 345 -346
232 346 -345
233 347 -315
233 312 -358
233 316 -374
233 310 -367
234 348 -375
234 349 -417
234 320 -435
234 318 -424
235 350 -382
235 320 -435
235 351 -429
235 319 -430
235 352 -435
236 353 -378
236 323 -427
236 326 -417
236 303 -427
236 354 -431
237 355 -357
237 326 -417
237 330 -398
237 325 -406
238 356 -388
238 352 -435
238 320 -435
238 357 -443
239 358 -380
239 359 -430
239 354 -431
239 323 -427
239 360 -434
240 361 -389
240 357 -443
240 362 -436
240 352 -435
240 363 -445
241 364 -384
241 362 -436
241 360 -434
241 359 -430
241 365 -439
242 366 -384
242 360 -434
242 354 -431
242 367 -439
243 368 -384
243 369 -429
243 370 -441
243 371 -441
244 372 -399
244 370 -441
244 363 -445
244 357 -443
244 373 -456
245 374 -391
245 363 -445
245 365 -439
245 362 -436
245 375 -448
246 376 -389
246 365 -439
246 367 -439
246 360 -434
246 377 -445
247 378 -376
247 367 -439
247 379 -413
247 380 -431
248 381 -387
248 382 -433
248 371 -441
248 369 -429
248 383 -425
249 384 -398
249 371 -441
249 373 -456
249 370 -441
250 385 -401
250 373 -456
250 375 -448
250 363 -445
250 386 -442
251 387 -395
251 375 -448
251 377 -445
251 365 -439
252 388 -395
252 377 -445
252 380 -431
252 367 -439
252 389 -438
253 390 -347
253 391 -407
253 392 -387
253 393 -392
253 394 -387
254 395 -329
254 392 -387
254 396 -370
254 397 -374
254 398 -371
255 399 -312
255 396 -370
255 400 -354
255 401 -358
255 402 -355
256 403 -371
256 404 -471
256 405 -420
256 406 -431
256 407 -460
257 408 -397
257 386 -442
257 373 -456
257 409 -439
258 410 -387
258 389 -438
258 377 -445
258 411 -430
259 412 -384
259 409 -439
259 386 -442
259 413 -428
260 414 -313
260 415 -420
260 416 -356
260 398 -371
260 417 -407
261 418 -383
261 419 -421
261 413 -428
261 409 -439
261 420 -429
262 421 -374
262 422 -463
262 423 -466
262 424 -424
262 425 -475
0 213 0
1 214 0
2 215 0
3 216 0
4 217 0
5 218 0
6 219 0
7 220 0
8 221 0
9 222 0
10 223 0
11 224 0
12 225 0
13 226 0
14 227 0
15 228 0
16 229 0
17 230 0
18 231 0
19 232 0
20 233 0
21 234 0
22 235 0
23 236 0
24 237 0
25 238 0
26 239 0
27 240 0
28 241 0
29 242 0
30 243 0
31 244 0
32 245 0
33 246 0
34 247 0
35 248 0
36 249 0
37 250 0
38 251 0
39 252 0
40 253 0
41 254 0
42 255 0
43 256 0
44 257 0
45 258 0
46 259 0
47 260 0
48 261 0
49 262 0
50 263 0
51 264 0
52 265 0
53 266 0
54 267 0
55 268 0
56 269 0
57 270 0
58 271 0
59 272 0
60 273 0
61 274 0
62 275 0
63 276 0
64 277 0
65 278 0
66 279 0
67 280 0
68 281 0
69 282 0
70 283 0
71 284 0
72 285 0
73 286 0
74 287 0
75 288 0
76 289 0
77 290 0
78 291 0
79 292 0
80 293 0
81 294 0
82 295 0
83 296 0
84 297 0
85 298 0
86 299 0
87 300 0
88 301 0
89 302 0
90 303 0
91 304 0
92 305 0
93 306 0
94 307 0
95 308 0
96 309 0
97 310 0
98 311 0
99 312 0
100 313 0
101 314 0
102 315 0
103 316 0
104 317 0
105 318 0
106 319 0
107 320 0
108 321 0
109 322 0
110 323 0
111 324 0
112 325 0
113 326 0
114 327 0
115 328 0
116 329 0
117 330 0
118 331 0
119 332 0
120 333 0
121 334 0
122 335 0
123 336 0
124 337 0
125 338 0
126 339 0
127 340 0
128 341 0
129 342 0
130 343 0
131 344 0
132 345 0
133 346 0
134 347 0
135 348 0
136 349 0
137 350 0
138 351 0
139 352 0
140 353 0
141 354 0
142 355 0
143 356 0
144 357 0
145 358 0
146 359 0
147 360 0
148 361 0
149 362 0
150 363 0
151 364 0
152 365 0
153 366 0
154 367 0
155 368 0
156 369 0
157 370 0
158 371 0
159 372 0
160 373 0
161 374 0
162 375 0
163 376 0
164 377 0
165 378 0
166 379 0
167 380 0
168 381 0
169 382 0
170 383 0
171 384 0
172 385 0
173 386 0
174 387 0
175 388 0
176 389 0
177 390 0
178 391 0
179 392 0
180 393 0
181 394 0
182 395 0
183 396 0
184 397 0
185 398 0
186 399 0
187 400 0
188 401 0
189 402 0
190 403 0
191 404 0
192 405 0
193 406 0
194 407 0
195 408 0
196 409 0
197 410 0
198 411 0
199 412 0
200 413 0
201 414 0
202 415 0
203 416 0
204 417 0
205 418 0
206 419 0
207 420 0
208 421 0
209 422 0
210 423 0
211 424 0
212 425 0
