66 87
0 6 -487
0 7 -763
0 8 -785
0 9 -723
0 10 -803
1 11 -437
1 12 -690
1 13 -711
1 14 -665
2 15 -578
2 16 -625
2 17 -513
2 18 -647
2 19 -509
3 20 -515
3 21 -579
3 22 -601
3 23 -629
3 24 -550
4 25 -376
4 26 -623
4 27 -613
4 28 -592
5 29 -461
5 30 -523
5 31 -550
5 32 -576
33 39 -487
33 40 -763
33 41 -785
33 42 -723
33 43 -803
34 44 -437
34 45 -690
34 46 -711
34 47 -665
35 48 -578
35 49 -625
35 50 -513
35 51 -647
35 52 -509
36 53 -515
36 54 -579
36 55 -601
36 56 -629
36 57 -550
37 58 -376
37 59 -623
37 60 -613
37 61 -592
38 62 -461
38 63 -523
38 64 -550
38 65 -576
0 33 0
1 34 0
2 35 0
3 36 0
4 37 0
5 38 0
6 39 0
7 40 0
8 41 0
9 42 0
10 43 0
11 44 0
12 45 0
13 46 0
14 47 0
15 48 0
16 49 0
17 50 0
18 51 0
19 52 0
20 53 0
21 54 0
22 55 0
23 56 0
24 57 0
25 58 0
26 59 0
27 60 0
28 61 0
29 62 0
30 63 0
31 64 0
32 65 0
