214 331
0 24 -492
0 25 -555
0 26 -531
0 27 -579
0 28 -556
1 29 -521
1 30 -588
1 28 -556
1 25 -555
1 31 -488
2 32 -521
2 31 -488
2 33 -556
2 28 -556
2 34 -488
3 35 -407
3 36 -667
3 37 -737
3 38 -708
3 39 -650
4 40 -521
4 34 -488
4 41 -556
4 33 -556
4 42 -569
5 43 -489
5 41 -556
5 44 -524
5 45 -527
5 46 -537
6 47 -459
6 44 -524
6 48 -342
6 49 -499
6 50 -507
7 51 -336
7 52 -505
7 42 -569
7 34 -488
8 53 -550
8 54 -579
8 55 -623
8 56 -602
9 57 -376
9 55 -623
9 58 -670
9 59 -626
10 60 -462
10 61 -346
10 62 -528
10 63 -511
10 64 -499
11 65 -494
11 62 -528
11 66 -562
11 67 -543
11 68 -529
12 69 -531
12 66 -562
12 56 -602
12 54 -579
12 70 -562
13 71 -353
13 56 -602
13 59 -626
13 55 -623
13 72 -602
14 73 -353
14 72 -602
14 74 -644
14 59 -626
14 75 -602
15 76 -370
15 77 -691
15 78 -620
15 79 -522
15 80 -670
16 81 -349
16 78 -620
16 82 -581
17 83 -530
17 84 -531
17 85 -648
17 86 -560
18 87 -511
18 86 -560
18 88 -447
18 84 -531
18 89 -543
19 90 -492
19 89 -543
19 86 -560
19 91 -525
20 92 -458
20 93 -518
20 94 -498
20 95 -523
20 96 -495
21 97 -476
21 91 -525
21 98 -514
21 89 -543
21 99 -510
22 100 -431
22 101 -490
22 102 -523
22 96 -495
22 103 -518
23 104 -295
23 105 -494
23 106 -485
23 99 -510
107 131 -492
107 132 -555
107 133 -531
107 134 -579
107 135 -556
108 136 -521
108 137 -588
108 135 -556
108 132 -555
108 138 -488
109 139 -521
109 138 -488
109 140 -556
109 135 -556
109 141 -488
110 142 -407
110 143 -667
110 144 -737
110 145 -708
110 146 -650
111 147 -521
111 141 -488
111 148 -556
111 140 -556
111 149 -569
112 150 -489
112 148 -556
112 151 -524
112 152 -527
112 153 -537
113 154 -459
113 151 -524
113 155 -342
113 156 -499
113 157 -507
114 158 -336
114 159 -505
114 149 -569
114 141 -488
115 160 -550
115 161 -579
115 162 -623
115 163 -602
116 164 -376
116 162 -623
116 165 -670
116 166 -626
117 167 -462
117 168 -346
117 169 -528
117 170 -511
117 171 -499
118 172 -494
118 169 -528
118 173 -562
118 174 -543
118 175 -529
119 176 -531
119 173 -562
119 163 -602
119 161 -579
119 177 -562
120 178 -353
120 163 -602
120 166 -626
120 162 -623
120 179 -602
121 180 -353
121 179 -602
121 181 -644
121 166 -626
121 182 -602
122 183 -370
122 184 -691
122 185 -620
122 186 -522
122 187 -670
123 188 -349
123 185 -620
123 189 -581
124 190 -530
124 191 -531
124 192 -648
124 193 -560
125 194 -511
125 193 -560
125 195 -447
125 191 -531
125 196 -543
126 197 -492
126 196 -543
126 193 -560
126 198 -525
127 199 -458
127 200 -518
127 201 -498
127 202 -523
127 203 -495
128 204 -476
128 198 -525
128 205 -514
128 196 -543
128 206 -510
129 207 -431
129 208 -490
129 209 -523
129 203 -495
129 210 -518
130 211 -295
130 212 -494
130 213 -485
130 206 -510
0 107 0
1 108 0
2 109 0
3 110 0
4 111 0
5 112 0
6 113 0
7 114 0
8 115 0
9 116 0
10 117 0
11 118 0
12 119 0
13 120 0
14 121 0
15 122 0
16 123 0
17 124 0
18 125 0
19 126 0
20 127 0
21 128 0
22 129 0
23 130 0
24 131 0
25 132 0
26 133 0
27 134 0
28 135 0
29 136 0
30 137 0
31 138 0
32 139 0
33 140 0
34 141 0
35 142 0
36 143 0
37 144 0
38 145 0
39 146 0
40 147 0
41 148 0
42 149 0
43 150 0
44 151 0
45 152 0
46 153 0
47 154 0
48 155 0
49 156 0
50 157 0
51 158 0
52 159 0
53 160 0
54 161 0
55 162 0
56 163 0
57 164 0
58 165 0
59 166 0
60 167 0
61 168 0
62 169 0
63 170 0
64 171 0
65 172 0
66 173 0
67 174 0
68 175 0
69 176 0
70 177 0
71 178 0
72 179 0
73 180 0
74 181 0
75 182 0
76 183 0
77 184 0
78 185 0
79 186 0
80 187 0
81 188 0
82 189 0
83 190 0
84 191 0
85 192 0
86 193 0
87 194 0
88 195 0
89 196 0
90 197 0
91 198 0
92 199 0
93 200 0
94 201 0
95 202 0
96 203 0
97 204 0
98 205 0
99 206 0
100 207 0
101 208 0
102 209 0
103 210 0
104 211 0
105 212 0
106 213 0
