116 180
0 13 -608
0 14 -907
0 15 -877
0 16 -835
0 17 -762
1 18 -822
1 19 -895
1 20 -814
1 21 -883
2 22 -834
2 23 -886
2 21 -883
2 19 -895
2 24 -876
3 25 -829
3 26 -931
3 24 -876
3 23 -886
3 27 -925
4 28 -825
4 24 -876
4 29 -842
4 21 -883
4 30 -871
5 31 -822
5 27 -925
5 30 -871
5 24 -876
5 32 -848
6 33 -788
6 30 -871
6 34 -809
6 29 -842
7 35 -732
7 34 -809
7 36 -758
7 37 -784
7 38 -758
8 39 -686
8 36 -758
8 40 -716
8 41 -737
8 42 -717
9 43 -646
9 40 -716
9 44 -676
9 45 -696
9 46 -680
10 47 -607
10 44 -676
10 48 -638
10 49 -656
10 50 -644
11 51 -418
11 48 -638
11 52 -617
11 53 -606
12 54 -744
12 55 -847
12 56 -809
12 57 -829
58 71 -608
58 72 -907
58 73 -877
58 74 -835
58 75 -762
59 76 -822
59 77 -895
59 78 -814
59 79 -883
60 80 -834
60 81 -886
60 79 -883
60 77 -895
60 82 -876
61 83 -829
61 84 -931
61 82 -876
61 81 -886
61 85 -925
62 86 -825
62 82 -876
62 87 -842
62 79 -883
62 88 -871
63 89 -822
63 85 -925
63 88 -871
63 82 -876
63 90 -848
64 91 -788
64 88 -871
64 92 -809
64 87 -842
65 93 -732
65 92 -809
65 94 -758
65 95 -784
65 96 -758
66 97 -686
66 94 -758
66 98 -716
66 99 -737
66 100 -717
67 101 -646
67 98 -716
67 102 -676
67 103 -696
67 104 -680
68 105 -607
68 102 -676
68 106 -638
68 107 -656
68 108 -644
69 109 -418
69 106 -638
69 110 -617
69 111 -606
70 112 -744
70 113 -847
70 114 -809
70 115 -829
0 58 0
1 59 0
2 60 0
3 61 0
4 62 0
5 63 0
6 64 0
7 65 0
8 66 0
9 67 0
10 68 0
11 69 0
12 70 0
13 71 0
14 72 0
15 73 0
16 74 0
17 75 0
18 76 0
19 77 0
20 78 0
21 79 0
22 80 0
23 81 0
24 82 0
25 83 0
26 84 0
27 85 0
28 86 0
29 87 0
30 88 0
31 89 0
32 90 0
33 91 0
34 92 0
35 93 0
36 94 0
37 95 0
38 96 0
39 97 0
40 98 0
41 99 0
42 100 0
43 101 0
44 102 0
45 103 0
46 104 0
47 105 0
48 106 0
49 107 0
50 108 0
51 109 0
52 110 0
53 111 0
54 112 0
55 113 0
56 114 0
57 115 0
