158 229
0 15 -1393
0 16 -1664
0 17 -1730
0 18 -1702
0 19 -1690
1 20 -1361
1 17 -1730
1 21 -1619
1 22 -1647
1 23 -1660
2 24 -1377
2 23 -1660
2 25 -1670
2 21 -1619
2 26 -1595
3 27 -1428
3 28 -1750
3 29 -1695
3 19 -1690
3 30 -1695
4 31 -1574
4 32 -1657
4 33 -1695
4 34 -1517
4 35 -1681
5 36 -1600
5 37 -1699
5 38 -1743
5 39 -1721
5 40 -1688
6 41 -1588
6 42 -1694
6 43 -1565
6 44 -1520
6 45 -1579
7 46 -1344
7 47 -1579
7 48 -1631
7 49 -1575
7 50 -1565
8 51 -1413
8 52 -1715
8 53 -1710
8 54 -1678
8 55 -1651
9 56 -1600
9 53 -1710
9 57 -1536
9 58 -1662
9 59 -1690
10 57 -1586
10 56 -1550
10 60 -1678
10 61 -1645
10 62 -1529
11 63 -1339
11 64 -1594
11 65 -1638
11 66 -1638
11 67 -1587
12 62 -1379
12 59 -1690
12 68 -1672
12 57 -1536
12 69 -1574
13 70 -1451
13 71 -1708
13 72 -1686
13 73 -1764
13 74 -1730
14 75 -1481
14 76 -1789
14 77 -1640
14 74 -1730
14 78 -1695
79 94 -1393
79 95 -1664
79 96 -1730
79 97 -1702
79 98 -1690
80 99 -1361
80 96 -1730
80 100 -1619
80 101 -1647
80 102 -1660
81 103 -1377
81 102 -1660
81 104 -1670
81 100 -1619
81 105 -1595
82 106 -1428
82 107 -1750
82 108 -1695
82 98 -1690
82 109 -1695
83 110 -1574
83 111 -1657
83 112 -1695
83 113 -1517
83 114 -1681
84 115 -1600
84 116 -1699
84 117 -1743
84 118 -1721
84 119 -1688
85 120 -1588
85 121 -1694
85 122 -1565
85 123 -1520
85 124 -1579
86 125 -1344
86 126 -1579
86 127 -1631
86 128 -1575
86 129 -1565
87 130 -1413
87 131 -1715
87 132 -1710
87 133 -1678
87 134 -1651
88 135 -1600
88 132 -1710
88 136 -1536
88 137 -1662
88 138 -1690
89 136 -1586
89 135 -1550
89 139 -1678
89 140 -1645
89 141 -1529
90 142 -1339
90 143 -1594
90 144 -1638
90 145 -1638
90 146 -1587
91 141 -1379
91 138 -1690
91 147 -1672
91 136 -1536
91 148 -1574
92 149 -1451
92 150 -1708
92 151 -1686
92 152 -1764
92 153 -1730
93 154 -1481
93 155 -1789
93 156 -1640
93 153 -1730
93 157 -1695
0 79 0
1 80 0
2 81 0
3 82 0
4 83 0
5 84 0
6 85 0
7 86 0
8 87 0
9 88 0
10 89 0
11 90 0
12 91 0
13 92 0
14 93 0
15 94 0
16 95 0
17 96 0
18 97 0
19 98 0
20 99 0
21 100 0
22 101 0
23 102 0
24 103 0
25 104 0
26 105 0
27 106 0
28 107 0
29 108 0
30 109 0
31 110 0
32 111 0
33 112 0
34 113 0
35 114 0
36 115 0
37 116 0
38 117 0
39 118 0
40 119 0
41 120 0
42 121 0
43 122 0
44 123 0
45 124 0
46 125 0
47 126 0
48 127 0
49 128 0
50 129 0
51 130 0
52 131 0
53 132 0
54 133 0
55 134 0
56 135 0
57 136 0
58 137 0
59 138 0
60 139 0
61 140 0
62 141 0
63 142 0
64 143 0
65 144 0
66 145 0
67 146 0
68 147 0
69 148 0
70 149 0
71 150 0
72 151 0
73 152 0
74 153 0
75 154 0
76 155 0
77 156 0
78 157 0
