402 663
0 50 -261
0 51 -455
0 52 -459
0 53 -475
1 54 -440
1 55 -483
1 56 -487
1 53 -475
1 57 -505
2 58 -468
2 59 -510
2 60 -515
2 57 -505
2 61 -530
3 62 -492
3 63 -532
3 64 -540
3 61 -530
3 65 -554
4 66 -517
4 67 -554
4 68 -567
4 65 -554
4 69 -582
5 70 -532
5 69 -582
5 68 -567
5 71 -600
6 72 -549
6 71 -600
6 69 -582
6 73 -617
7 74 -571
7 75 -628
7 76 -663
7 77 -682
8 78 -505
8 79 -622
8 80 -538
8 81 -588
8 82 -572
9 83 -445
9 84 -558
9 85 -481
9 86 -484
9 87 -507
10 88 -428
10 89 -315
10 90 -490
10 91 -472
10 92 -478
11 93 -451
11 90 -490
11 94 -514
11 95 -493
11 96 -501
12 97 -474
12 94 -514
12 98 -535
12 99 -514
12 100 -525
13 101 -513
13 102 -549
13 103 -579
13 104 -549
13 105 -566
14 106 -547
14 103 -579
14 73 -617
14 107 -601
15 108 -369
15 73 -617
15 109 -621
15 71 -600
15 110 -623
16 111 -575
16 109 -671
16 77 -682
16 112 -629
17 113 -388
17 77 -632
17 114 -614
17 75 -628
17 115 -642
18 116 -342
18 114 -614
18 82 -572
18 79 -622
18 117 -595
19 118 -443
19 87 -507
19 119 -480
19 85 -481
19 120 -494
20 121 -417
20 119 -480
20 122 -305
20 123 -458
20 124 -468
21 125 -572
21 107 -601
21 110 -623
21 73 -617
21 126 -628
22 127 -375
22 110 -623
22 112 -629
22 109 -621
22 128 -631
23 129 -385
23 112 -629
23 115 -642
23 77 -632
23 130 -642
24 131 -525
24 117 -645
24 132 -557
24 82 -572
25 133 -489
25 132 -557
25 134 -523
25 135 -537
26 136 -580
26 126 -628
26 128 -631
26 110 -623
26 137 -639
27 138 -585
27 128 -631
27 130 -642
27 112 -629
27 139 -644
28 140 -598
28 130 -642
28 115 -692
28 141 -658
29 142 -587
29 137 -639
29 126 -628
29 143 -699
30 144 -590
30 137 -639
30 139 -644
30 128 -631
30 145 -651
31 146 -601
31 139 -644
31 141 -658
31 130 -642
31 147 -662
32 148 -400
32 143 -649
32 145 -651
32 137 -639
32 149 -660
33 150 -405
33 145 -651
33 147 -662
33 139 -644
33 151 -665
34 152 -376
34 147 -662
34 153 -627
34 141 -658
34 154 -705
35 155 -542
35 156 -609
35 157 -577
35 158 -650
36 159 -410
36 160 -643
36 149 -660
36 143 -649
36 161 -646
37 162 -611
37 149 -660
37 151 -715
37 145 -651
38 163 -400
38 151 -665
38 154 -705
38 147 -662
38 164 -654
39 165 -567
39 166 -637
39 158 -650
39 156 -609
39 167 -597
40 168 -290
40 169 -623
40 170 -525
40 171 -552
40 172 -548
41 173 -260
41 170 -525
41 174 -514
41 175 -573
41 176 -520
42 177 -296
42 174 -514
42 178 -488
42 179 -485
43 180 -596
43 161 -696
43 149 -660
43 181 -634
44 182 -390
44 164 -654
44 154 -655
44 183 -547
45 184 -508
45 185 -568
45 172 -548
45 169 -623
45 186 -594
46 187 -576
46 183 -647
46 188 -616
47 189 -546
47 188 -516
47 190 -640
48 191 -570
48 192 -656
48 193 -667
48 194 -627
48 195 -663
49 196 -354
49 197 -671
49 198 -636
49 199 -609
49 200 -651
201 251 -261
201 252 -455
201 253 -459
201 254 -475
202 255 -440
202 256 -483
202 257 -487
202 254 -475
202 258 -505
203 259 -468
203 260 -510
203 261 -515
203 258 -505
203 262 -530
204 263 -492
204 264 -532
204 265 -540
204 262 -530
204 266 -554
205 267 -517
205 268 -554
205 269 -567
205 266 -554
205 270 -582
206 271 -532
206 270 -582
206 269 -567
206 272 -600
207 273 -549
207 272 -600
207 270 -582
207 274 -617
208 275 -571
208 276 -628
208 277 -663
208 278 -682
209 279 -505
209 280 -622
209 281 -538
209 282 -588
209 283 -572
210 284 -445
210 285 -558
210 286 -481
210 287 -484
210 288 -507
211 289 -428
211 290 -315
211 291 -490
211 292 -472
211 293 -478
212 294 -451
212 291 -490
212 295 -514
212 296 -493
212 297 -501
213 298 -474
213 295 -514
213 299 -535
213 300 -514
213 301 -525
214 302 -513
214 303 -549
214 304 -579
214 305 -549
214 306 -566
215 307 -547
215 304 -579
215 274 -617
215 308 -601
216 309 -369
216 274 -617
216 310 -621
216 272 -600
216 311 -623
217 312 -575
217 310 -671
217 278 -682
217 313 -629
218 314 -388
218 278 -632
218 315 -614
218 276 -628
218 316 -642
219 317 -342
219 315 -614
219 283 -572
219 280 -622
219 318 -595
220 319 -443
220 288 -507
220 320 -480
220 286 -481
220 321 -494
221 322 -417
221 320 -480
221 323 -305
221 324 -458
221 325 -468
222 326 -572
222 308 -601
222 311 -623
222 274 -617
222 327 -628
223 328 -375
223 311 -623
223 313 -629
223 310 -621
223 329 -631
224 330 -385
224 313 -629
224 316 -642
224 278 -632
224 331 -642
225 332 -525
225 318 -645
225 333 -557
225 283 -572
226 334 -489
226 333 -557
226 335 -523
226 336 -537
227 337 -580
227 327 -628
227 329 -631
227 311 -623
227 338 -639
228 339 -585
228 329 -631
228 331 -642
228 313 -629
228 340 -644
229 341 -598
229 331 -642
229 316 -692
229 342 -658
230 343 -587
230 338 -639
230 327 -628
230 344 -699
231 345 -590
231 338 -639
231 340 -644
231 329 -631
231 346 -651
232 347 -601
232 340 -644
232 342 -658
232 331 -642
232 348 -662
233 349 -400
233 344 -649
233 346 -651
233 338 -639
233 350 -660
234 351 -405
234 346 -651
234 348 -662
234 340 -644
234 352 -665
235 353 -376
235 348 -662
235 354 -627
235 342 -658
235 355 -705
236 356 -542
236 357 -609
236 358 -577
236 359 -650
237 360 -410
237 361 -643
237 350 -660
237 344 -649
237 362 -646
238 363 -611
238 350 -660
238 352 -715
238 346 -651
239 364 -400
239 352 -665
239 355 -705
239 348 -662
239 365 -654
240 366 -567
240 367 -637
240 359 -650
240 357 -609
240 368 -597
241 369 -290
241 370 -623
241 371 -525
241 372 -552
241 373 -548
242 374 -260
242 371 -525
242 375 -514
242 376 -573
242 377 -520
243 378 -296
243 375 -514
243 379 -488
243 380 -485
244 381 -596
244 362 -696
244 350 -660
244 382 -634
245 383 -390
245 365 -654
245 355 -655
245 384 -547
246 385 -508
246 386 -568
246 373 -548
246 370 -623
246 387 -594
247 388 -576
247 384 -647
247 389 -616
248 390 -546
248 389 -516
248 391 -640
249 392 -570
249 393 -656
249 394 -667
249 395 -627
249 396 -663
250 397 -354
250 398 -671
250 399 -636
250 400 -609
250 401 -651
0 201 0
1 202 0
2 203 0
3 204 0
4 205 0
5 206 0
6 207 0
7 208 0
8 209 0
9 210 0
10 211 0
11 212 0
12 213 0
13 214 0
14 215 0
15 216 0
16 217 0
17 218 0
18 219 0
19 220 0
20 221 0
21 222 0
22 223 0
23 224 0
24 225 0
25 226 0
26 227 0
27 228 0
28 229 0
29 230 0
30 231 0
31 232 0
32 233 0
33 234 0
34 235 0
35 236 0
36 237 0
37 238 0
38 239 0
39 240 0
40 241 0
41 242 0
42 243 0
43 244 0
44 245 0
45 246 0
46 247 0
47 248 0
48 249 0
49 250 0
50 251 0
51 252 0
52 253 0
53 254 0
54 255 0
55 256 0
56 257 0
57 258 0
58 259 0
59 260 0
60 261 0
61 262 0
62 263 0
63 264 0
64 265 0
65 266 0
66 267 0
67 268 0
68 269 0
69 270 0
70 271 0
71 272 0
72 273 0
73 274 0
74 275 0
75 276 0
76 277 0
77 278 0
78 279 0
79 280 0
80 281 0
81 282 0
82 283 0
83 284 0
84 285 0
85 286 0
86 287 0
87 288 0
88 289 0
89 290 0
90 291 0
91 292 0
92 293 0
93 294 0
94 295 0
95 296 0
96 297 0
97 298 0
98 299 0
99 300 0
100 301 0
101 302 0
102 303 0
103 304 0
104 305 0
105 306 0
106 307 0
107 308 0
108 309 0
109 310 0
110 311 0
111 312 0
112 313 0
113 314 0
114 315 0
115 316 0
116 317 0
117 318 0
118 319 0
119 320 0
120 321 0
121 322 0
122 323 0
123 324 0
124 325 0
125 326 0
126 327 0
127 328 0
128 329 0
129 330 0
130 331 0
131 332 0
132 333 0
133 334 0
134 335 0
135 336 0
136 337 0
137 338 0
138 339 0
139 340 0
140 341 0
141 342 0
142 343 0
143 344 0
144 345 0
145 346 0
146 347 0
147 348 0
148 349 0
149 350 0
150 351 0
151 352 0
152 353 0
153 354 0
154 355 0
155 356 0
156 357 0
157 358 0
158 359 0
159 360 0
160 361 0
161 362 0
162 363 0
163 364 0
164 365 0
165 366 0
166 367 0
167 368 0
168 369 0
169 370 0
170 371 0
171 372 0
172 373 0
173 374 0
174 375 0
175 376 0
176 377 0
177 378 0
178 379 0
179 380 0
180 381 0
181 382 0
182 383 0
183 384 0
184 385 0
185 386 0
186 387 0
187 388 0
188 389 0
189 390 0
190 391 0
191 392 0
192 393 0
193 394 0
194 395 0
195 396 0
196 397 0
197 398 0
198 399 0
199 400 0
200 401 0
