736 1608
0 133 0
0 134 0
0 135 0
1 134 0
1 133 0
1 136 0
1 137 0
2 138 0
2 136 0
2 139 0
2 140 0
3 141 0
3 139 0
3 142 0
3 143 0
4 144 0
4 142 0
4 145 0
4 146 0
5 145 0
5 144 0
5 147 0
5 148 0
6 149 0
6 150 0
6 151 0
6 152 0
7 153 0
7 154 0
7 155 0
8 135 0
8 137 0
8 133 0
8 156 0
9 157 0
9 137 0
9 140 0
9 136 0
9 158 0
10 140 0
10 157 0
10 159 0
10 138 0
10 160 0
11 161 0
11 143 0
11 146 0
11 142 0
11 162 0
12 148 0
12 146 0
12 163 0
12 145 0
12 164 0
13 165 0
13 156 0
13 158 0
13 137 0
13 166 0
14 160 0
14 158 0
14 167 0
14 140 0
14 168 0
15 169 0
15 167 0
15 162 0
15 143 0
15 170 0
16 171 0
16 162 0
16 164 0
16 146 0
16 172 0
17 173 0
17 166 0
17 156 0
17 174 0
18 175 0
18 166 0
18 168 0
18 158 0
18 176 0
19 177 0
19 168 0
19 170 0
19 167 0
19 178 0
20 179 0
20 170 0
20 172 0
20 162 0
20 180 0
21 181 0
21 172 0
21 182 0
21 164 0
21 183 0
22 176 0
22 184 0
22 185 0
22 175 0
22 186 0
23 178 0
23 185 0
23 187 0
23 177 0
23 188 0
24 187 0
24 178 0
24 180 0
24 170 0
24 189 0
25 190 0
25 180 0
25 183 0
25 172 0
25 191 0
26 192 0
26 183 0
26 193 0
26 182 0
26 194 0
27 195 0
27 193 0
27 196 0
27 197 0
27 198 0
28 199 0
28 196 0
28 200 0
28 201 0
28 202 0
29 203 0
29 204 0
29 186 0
29 184 0
29 205 0
30 188 0
30 206 0
30 189 0
30 178 0
30 207 0
31 208 0
31 189 0
31 191 0
31 180 0
32 194 0
32 209 0
32 210 0
32 192 0
33 210 0
33 194 0
33 198 0
33 193 0
34 198 0
34 210 0
34 211 0
34 195 0
35 205 0
35 212 0
35 213 0
35 203 0
35 214 0
36 213 0
36 205 0
36 215 0
36 186 0
36 216 0
37 217 0
37 214 0
37 212 0
37 218 0
38 214 0
38 217 0
38 216 0
38 205 0
38 219 0
39 220 0
39 216 0
39 221 0
39 215 0
39 222 0
40 221 0
40 220 0
40 223 0
40 207 0
40 224 0
41 223 0
41 221 0
41 225 0
41 226 0
42 219 0
42 218 0
42 227 0
42 214 0
42 228 0
43 229 0
43 230 0
43 231 0
43 232 0
44 228 0
44 233 0
44 234 0
44 219 0
44 235 0
45 236 0
45 234 0
45 237 0
45 222 0
45 238 0
46 237 0
46 236 0
46 239 0
46 224 0
46 240 0
47 239 0
47 237 0
47 226 0
47 241 0
48 232 0
48 242 0
48 229 0
48 243 0
49 244 0
49 235 0
49 233 0
49 245 0
50 246 0
50 235 0
50 238 0
50 234 0
50 247 0
51 238 0
51 246 0
51 240 0
51 236 0
51 248 0
52 240 0
52 238 0
52 241 0
52 237 0
52 249 0
53 250 0
53 243 0
53 251 0
53 242 0
53 252 0
54 253 0
54 251 0
54 254 0
54 255 0
54 256 0
55 257 0
55 245 0
55 247 0
55 235 0
55 258 0
56 247 0
56 257 0
56 248 0
56 246 0
56 259 0
57 248 0
57 247 0
57 249 0
57 238 0
57 260 0
58 249 0
58 248 0
58 261 0
58 240 0
58 262 0
59 261 0
59 249 0
59 241 0
59 263 0
60 264 0
60 252 0
60 243 0
60 265 0
61 266 0
61 252 0
61 256 0
61 251 0
61 267 0
62 258 0
62 268 0
62 259 0
62 257 0
62 269 0
63 259 0
63 258 0
63 260 0
63 247 0
63 270 0
64 260 0
64 259 0
64 262 0
64 248 0
64 271 0
65 262 0
65 260 0
65 263 0
65 249 0
65 272 0
66 263 0
66 262 0
66 273 0
66 261 0
66 274 0
67 273 0
67 263 0
67 275 0
67 276 0
68 275 0
68 273 0
68 277 0
68 278 0
69 277 0
69 275 0
69 279 0
69 280 0
70 281 0
70 279 0
70 282 0
70 283 0
71 265 0
71 282 0
71 284 0
71 264 0
71 285 0
72 286 0
72 267 0
72 287 0
72 256 0
72 288 0
73 289 0
73 269 0
73 268 0
73 290 0
74 269 0
74 289 0
74 270 0
74 258 0
74 291 0
75 270 0
75 269 0
75 271 0
75 259 0
75 292 0
76 271 0
76 270 0
76 272 0
76 260 0
76 293 0
77 272 0
77 271 0
77 274 0
77 262 0
77 294 0
78 274 0
78 272 0
78 276 0
78 263 0
78 295 0
79 276 0
79 274 0
79 278 0
79 273 0
79 296 0
80 278 0
80 276 0
80 280 0
80 275 0
80 297 0
81 280 0
81 278 0
81 298 0
81 277 0
81 299 0
82 298 0
82 280 0
82 283 0
82 279 0
82 300 0
83 301 0
83 283 0
83 285 0
83 282 0
83 302 0
84 303 0
84 285 0
84 304 0
84 284 0
84 305 0
85 306 0
85 288 0
85 307 0
85 287 0
85 308 0
86 290 0
86 291 0
86 289 0
86 309 0
87 291 0
87 290 0
87 292 0
87 269 0
87 310 0
88 292 0
88 291 0
88 293 0
88 270 0
88 311 0
89 293 0
89 292 0
89 294 0
89 271 0
89 312 0
90 295 0
90 294 0
90 296 0
90 274 0
90 313 0
91 296 0
91 295 0
91 297 0
91 276 0
91 314 0
92 297 0
92 296 0
92 299 0
92 278 0
92 315 0
93 299 0
93 297 0
93 300 0
93 280 0
93 316 0
94 317 0
94 300 0
94 302 0
94 283 0
94 318 0
95 319 0
95 302 0
95 305 0
95 285 0
95 320 0
96 321 0
96 305 0
96 322 0
96 304 0
96 323 0
97 322 0
97 321 0
97 308 0
97 288 0
97 324 0
98 325 0
98 308 0
98 307 0
98 326 0
99 310 0
99 309 0
99 311 0
99 291 0
99 327 0
100 311 0
100 310 0
100 312 0
100 292 0
100 328 0
101 312 0
101 311 0
101 329 0
101 293 0
101 330 0
102 329 0
102 312 0
102 313 0
102 294 0
102 331 0
103 313 0
103 329 0
103 314 0
103 295 0
103 332 0
104 315 0
104 314 0
104 316 0
104 297 0
104 333 0
105 334 0
105 316 0
105 318 0
105 300 0
105 335 0
106 336 0
106 318 0
106 320 0
106 302 0
106 337 0
107 320 0
107 336 0
107 338 0
107 319 0
107 339 0
108 323 0
108 338 0
108 324 0
108 321 0
108 340 0
109 341 0
109 327 0
109 309 0
109 342 0
110 328 0
110 327 0
110 330 0
110 311 0
110 343 0
111 330 0
111 328 0
111 331 0
111 312 0
111 344 0
112 331 0
112 330 0
112 332 0
112 329 0
112 345 0
113 332 0
113 331 0
113 346 0
113 313 0
113 347 0
114 346 0
114 332 0
114 333 0
114 314 0
114 348 0
115 333 0
115 346 0
115 349 0
115 315 0
115 350 0
116 349 0
116 333 0
116 335 0
116 316 0
116 351 0
117 352 0
117 335 0
117 337 0
117 318 0
117 353 0
118 354 0
118 339 0
118 340 0
118 338 0
118 355 0
119 340 0
119 354 0
119 356 0
119 323 0
119 357 0
120 356 0
120 340 0
120 358 0
120 324 0
120 359 0
121 358 0
121 356 0
121 360 0
121 361 0
121 362 0
122 342 0
122 363 0
122 341 0
123 363 0
123 342 0
123 343 0
123 327 0
124 343 0
124 363 0
124 344 0
124 328 0
125 344 0
125 343 0
125 345 0
125 330 0
126 345 0
126 344 0
126 347 0
126 331 0
127 347 0
127 345 0
127 348 0
127 332 0
128 348 0
128 347 0
128 350 0
128 346 0
129 350 0
129 348 0
129 351 0
129 333 0
130 364 0
130 351 0
130 353 0
130 335 0
131 365 0
131 366 0
131 355 0
131 339 0
132 367 0
132 362 0
132 360 0
368 501 0
368 502 0
368 503 0
369 502 0
369 501 0
369 504 0
369 505 0
370 506 0
370 504 0
370 507 0
370 508 0
371 509 0
371 507 0
371 510 0
371 511 0
372 512 0
372 510 0
372 513 0
372 514 0
373 513 0
373 512 0
373 515 0
373 516 0
374 517 0
374 518 0
374 519 0
374 520 0
375 521 0
375 522 0
375 523 0
376 503 0
376 505 0
376 501 0
376 524 0
377 525 0
377 505 0
377 508 0
377 504 0
377 526 0
378 508 0
378 525 0
378 527 0
378 506 0
378 528 0
379 529 0
379 511 0
379 514 0
379 510 0
379 530 0
380 516 0
380 514 0
380 531 0
380 513 0
380 532 0
381 533 0
381 524 0
381 526 0
381 505 0
381 534 0
382 528 0
382 526 0
382 535 0
382 508 0
382 536 0
383 537 0
383 535 0
383 530 0
383 511 0
383 538 0
384 539 0
384 530 0
384 532 0
384 514 0
384 540 0
385 541 0
385 534 0
385 524 0
385 542 0
386 543 0
386 534 0
386 536 0
386 526 0
386 544 0
387 545 0
387 536 0
387 538 0
387 535 0
387 546 0
388 547 0
388 538 0
388 540 0
388 530 0
388 548 0
389 549 0
389 540 0
389 550 0
389 532 0
389 551 0
390 544 0
390 552 0
390 553 0
390 543 0
390 554 0
391 546 0
391 553 0
391 555 0
391 545 0
391 556 0
392 555 0
392 546 0
392 548 0
392 538 0
392 557 0
393 558 0
393 548 0
393 551 0
393 540 0
393 559 0
394 560 0
394 551 0
394 561 0
394 550 0
394 562 0
395 563 0
395 561 0
395 564 0
395 565 0
395 566 0
396 567 0
396 564 0
396 568 0
396 569 0
396 570 0
397 571 0
397 572 0
397 554 0
397 552 0
397 573 0
398 556 0
398 574 0
398 557 0
398 546 0
398 575 0
399 576 0
399 557 0
399 559 0
399 548 0
400 562 0
400 577 0
400 578 0
400 560 0
401 578 0
401 562 0
401 566 0
401 561 0
402 566 0
402 578 0
402 579 0
402 563 0
403 573 0
403 580 0
403 581 0
403 571 0
403 582 0
404 581 0
404 573 0
404 583 0
404 554 0
404 584 0
405 585 0
405 582 0
405 580 0
405 586 0
406 582 0
406 585 0
406 584 0
406 573 0
406 587 0
407 588 0
407 584 0
407 589 0
407 583 0
407 590 0
408 589 0
408 588 0
408 591 0
408 575 0
408 592 0
409 591 0
409 589 0
409 593 0
409 594 0
410 587 0
410 586 0
410 595 0
410 582 0
410 596 0
411 597 0
411 598 0
411 599 0
411 600 0
412 596 0
412 601 0
412 602 0
412 587 0
412 603 0
413 604 0
413 602 0
413 605 0
413 590 0
413 606 0
414 605 0
414 604 0
414 607 0
414 592 0
414 608 0
415 607 0
415 605 0
415 594 0
415 609 0
416 600 0
416 610 0
416 597 0
416 611 0
417 612 0
417 603 0
417 601 0
417 613 0
418 614 0
418 603 0
418 606 0
418 602 0
418 615 0
419 606 0
419 614 0
419 608 0
419 604 0
419 616 0
420 608 0
420 606 0
420 609 0
420 605 0
420 617 0
421 618 0
421 611 0
421 619 0
421 610 0
421 620 0
422 621 0
422 619 0
422 622 0
422 623 0
422 624 0
423 625 0
423 613 0
423 615 0
423 603 0
423 626 0
424 615 0
424 625 0
424 616 0
424 614 0
424 627 0
425 616 0
425 615 0
425 617 0
425 606 0
425 628 0
426 617 0
426 616 0
426 629 0
426 608 0
426 630 0
427 629 0
427 617 0
427 609 0
427 631 0
428 632 0
428 620 0
428 611 0
428 633 0
429 634 0
429 620 0
429 624 0
429 619 0
429 635 0
430 626 0
430 636 0
430 627 0
430 625 0
430 637 0
431 627 0
431 626 0
431 628 0
431 615 0
431 638 0
432 628 0
432 627 0
432 630 0
432 616 0
432 639 0
433 630 0
433 628 0
433 631 0
433 617 0
433 640 0
434 631 0
434 630 0
434 641 0
434 629 0
434 642 0
435 641 0
435 631 0
435 643 0
435 644 0
436 643 0
436 641 0
436 645 0
436 646 0
437 645 0
437 643 0
437 647 0
437 648 0
438 649 0
438 647 0
438 650 0
438 651 0
439 633 0
439 650 0
439 652 0
439 632 0
439 653 0
440 654 0
440 635 0
440 655 0
440 624 0
440 656 0
441 657 0
441 637 0
441 636 0
441 658 0
442 637 0
442 657 0
442 638 0
442 626 0
442 659 0
443 638 0
443 637 0
443 639 0
443 627 0
443 660 0
444 639 0
444 638 0
444 640 0
444 628 0
444 661 0
445 640 0
445 639 0
445 642 0
445 630 0
445 662 0
446 642 0
446 640 0
446 644 0
446 631 0
446 663 0
447 644 0
447 642 0
447 646 0
447 641 0
447 664 0
448 646 0
448 644 0
448 648 0
448 643 0
448 665 0
449 648 0
449 646 0
449 666 0
449 645 0
449 667 0
450 666 0
450 648 0
450 651 0
450 647 0
450 668 0
451 669 0
451 651 0
451 653 0
451 650 0
451 670 0
452 671 0
452 653 0
452 672 0
452 652 0
452 673 0
453 674 0
453 656 0
453 675 0
453 655 0
453 676 0
454 658 0
454 659 0
454 657 0
454 677 0
455 659 0
455 658 0
455 660 0
455 637 0
455 678 0
456 660 0
456 659 0
456 661 0
456 638 0
456 679 0
457 661 0
457 660 0
457 662 0
457 639 0
457 680 0
458 663 0
458 662 0
458 664 0
458 642 0
458 681 0
459 664 0
459 663 0
459 665 0
459 644 0
459 682 0
460 665 0
460 664 0
460 667 0
460 646 0
460 683 0
461 667 0
461 665 0
461 668 0
461 648 0
461 684 0
462 685 0
462 668 0
462 670 0
462 651 0
462 686 0
463 687 0
463 670 0
463 673 0
463 653 0
463 688 0
464 689 0
464 673 0
464 690 0
464 672 0
464 691 0
465 690 0
465 689 0
465 676 0
465 656 0
465 692 0
466 693 0
466 676 0
466 675 0
466 694 0
467 678 0
467 677 0
467 679 0
467 659 0
467 695 0
468 679 0
468 678 0
468 680 0
468 660 0
468 696 0
469 680 0
469 679 0
469 697 0
469 661 0
469 698 0
470 697 0
470 680 0
470 681 0
470 662 0
470 699 0
471 681 0
471 697 0
471 682 0
471 663 0
471 700 0
472 683 0
472 682 0
472 684 0
472 665 0
472 701 0
473 702 0
473 684 0
473 686 0
473 668 0
473 703 0
474 704 0
474 686 0
474 688 0
474 670 0
474 705 0
475 688 0
475 704 0
475 706 0
475 687 0
475 707 0
476 691 0
476 706 0
476 692 0
476 689 0
476 708 0
477 709 0
477 695 0
477 677 0
477 710 0
478 696 0
478 695 0
478 698 0
478 679 0
478 711 0
479 698 0
479 696 0
479 699 0
479 680 0
479 712 0
480 699 0
480 698 0
480 700 0
480 697 0
480 713 0
481 700 0
481 699 0
481 714 0
481 681 0
481 715 0
482 714 0
482 700 0
482 701 0
482 682 0
482 716 0
483 701 0
483 714 0
483 717 0
483 683 0
483 718 0
484 717 0
484 701 0
484 703 0
484 684 0
484 719 0
485 720 0
485 703 0
485 705 0
485 686 0
485 721 0
486 722 0
486 707 0
486 708 0
486 706 0
486 723 0
487 708 0
487 722 0
487 724 0
487 691 0
487 725 0
488 724 0
488 708 0
488 726 0
488 692 0
488 727 0
489 726 0
489 724 0
489 728 0
489 729 0
489 730 0
490 710 0
490 731 0
490 709 0
491 731 0
491 710 0
491 711 0
491 695 0
492 711 0
492 731 0
492 712 0
492 696 0
493 712 0
493 711 0
493 713 0
493 698 0
494 713 0
494 712 0
494 715 0
494 699 0
495 715 0
495 713 0
495 716 0
495 700 0
496 716 0
496 715 0
496 718 0
496 714 0
497 718 0
497 716 0
497 719 0
497 701 0
498 732 0
498 719 0
498 721 0
498 703 0
499 733 0
499 734 0
499 723 0
499 707 0
500 735 0
500 730 0
500 728 0
0 368 0
1 369 0
2 370 0
3 371 0
4 372 0
5 373 0
6 374 0
7 375 0
8 376 0
9 377 0
10 378 0
11 379 0
12 380 0
13 381 0
14 382 0
15 383 0
16 384 0
17 385 0
18 386 0
19 387 0
20 388 0
21 389 0
22 390 0
23 391 0
24 392 0
25 393 0
26 394 0
27 395 0
28 396 0
29 397 0
30 398 0
31 399 0
32 400 0
33 401 0
34 402 0
35 403 0
36 404 0
37 405 0
38 406 0
39 407 0
40 408 0
41 409 0
42 410 0
43 411 0
44 412 0
45 413 0
46 414 0
47 415 0
48 416 0
49 417 0
50 418 0
51 419 0
52 420 0
53 421 0
54 422 0
55 423 0
56 424 0
57 425 0
58 426 0
59 427 0
60 428 0
61 429 0
62 430 0
63 431 0
64 432 0
65 433 0
66 434 0
67 435 0
68 436 0
69 437 0
70 438 0
71 439 0
72 440 0
73 441 0
74 442 0
75 443 0
76 444 0
77 445 0
78 446 0
79 447 0
80 448 0
81 449 0
82 450 0
83 451 0
84 452 0
85 453 0
86 454 0
87 455 0
88 456 0
89 457 0
90 458 0
91 459 0
92 460 0
93 461 0
94 462 0
95 463 0
96 464 0
97 465 0
98 466 0
99 467 0
100 468 0
101 469 0
102 470 0
103 471 0
104 472 0
105 473 0
106 474 0
107 475 0
108 476 0
109 477 0
110 478 0
111 479 0
112 480 0
113 481 0
114 482 0
115 483 0
116 484 0
117 485 0
118 486 0
119 487 0
120 488 0
121 489 0
122 490 0
123 491 0
124 492 0
125 493 0
126 494 0
127 495 0
128 496 0
129 497 0
130 498 0
131 499 0
132 500 0
133 501 0
134 502 0
135 503 0
136 504 0
137 505 0
138 506 0
139 507 0
140 508 0
141 509 0
142 510 0
143 511 0
144 512 0
145 513 0
146 514 0
147 515 0
148 516 0
149 517 0
150 518 0
151 519 0
152 520 0
153 521 0
154 522 0
155 523 0
156 524 0
157 525 0
158 526 0
159 527 0
160 528 0
161 529 0
162 530 0
163 531 0
164 532 0
165 533 0
166 534 0
167 535 0
168 536 0
169 537 0
170 538 0
171 539 0
172 540 0
173 541 0
174 542 0
175 543 0
176 544 0
177 545 0
178 546 0
179 547 0
180 548 0
181 549 0
182 550 0
183 551 0
184 552 0
185 553 0
186 554 0
187 555 0
188 556 0
189 557 0
190 558 0
191 559 0
192 560 0
193 561 0
194 562 0
195 563 0
196 564 0
197 565 0
198 566 0
199 567 0
200 568 0
201 569 0
202 570 0
203 571 0
204 572 0
205 573 0
206 574 0
207 575 0
208 576 0
209 577 0
210 578 0
211 579 0
212 580 0
213 581 0
214 582 0
215 583 0
216 584 0
217 585 0
218 586 0
219 587 0
220 588 0
221 589 0
222 590 0
223 591 0
224 592 0
225 593 0
226 594 0
227 595 0
228 596 0
229 597 0
230 598 0
231 599 0
232 600 0
233 601 0
234 602 0
235 603 0
236 604 0
237 605 0
238 606 0
239 607 0
240 608 0
241 609 0
242 610 0
243 611 0
244 612 0
245 613 0
246 614 0
247 615 0
248 616 0
249 617 0
250 618 0
251 619 0
252 620 0
253 621 0
254 622 0
255 623 0
256 624 0
257 625 0
258 626 0
259 627 0
260 628 0
261 629 0
262 630 0
263 631 0
264 632 0
265 633 0
266 634 0
267 635 0
268 636 0
269 637 0
270 638 0
271 639 0
272 640 0
273 641 0
274 642 0
275 643 0
276 644 0
277 645 0
278 646 0
279 647 0
280 648 0
281 649 0
282 650 0
283 651 0
284 652 0
285 653 0
286 654 0
287 655 0
288 656 0
289 657 0
290 658 0
291 659 0
292 660 0
293 661 0
294 662 0
295 663 0
296 664 0
297 665 0
298 666 0
299 667 0
300 668 0
301 669 0
302 670 0
303 671 0
304 672 0
305 673 0
306 674 0
307 675 0
308 676 0
309 677 0
310 678 0
311 679 0
312 680 0
313 681 0
314 682 0
315 683 0
316 684 0
317 685 0
318 686 0
319 687 0
320 688 0
321 689 0
322 690 0
323 691 0
324 692 0
325 693 0
326 694 0
327 695 0
328 696 0
329 697 0
330 698 0
331 699 0
332 700 0
333 701 0
334 702 0
335 703 0
336 704 0
337 705 0
338 706 0
339 707 0
340 708 0
341 709 0
342 710 0
343 711 0
344 712 0
345 713 0
346 714 0
347 715 0
348 716 0
349 717 0
350 718 0
351 719 0
352 720 0
353 721 0
354 722 0
355 723 0
356 724 0
357 725 0
358 726 0
359 727 0
360 728 0
361 729 0
362 730 0
363 731 0
364 732 0
365 733 0
366 734 0
367 735 0
