326 481
0 34 -234
0 35 -285
0 36 -280
0 37 -278
0 38 -290
1 39 -248
1 40 -299
1 41 -292
1 38 -290
1 42 -305
2 43 -263
2 44 -315
2 45 -306
2 42 -305
2 46 -321
3 47 -279
3 48 -332
3 49 -321
3 46 -321
3 50 -338
4 51 -322
4 52 -361
4 53 -367
4 54 -367
4 55 -379
5 56 -269
5 57 -313
5 58 -527
5 59 -516
5 60 -324
6 61 -298
6 62 -351
6 50 -338
6 63 -359
7 64 -252
7 65 -145
7 66 -309
7 67 -299
7 68 -300
8 69 -336
8 70 -576
8 71 -381
8 55 -379
8 72 -387
9 73 -324
9 71 -381
9 74 -368
9 75 -375
10 76 -313
10 74 -368
10 63 -359
10 62 -351
10 77 -364
11 78 -299
11 63 -359
11 79 -339
11 80 -349
12 81 -281
12 79 -339
12 82 -322
12 83 -323
12 84 -331
13 85 -263
13 82 -322
13 86 -304
13 87 -306
13 88 -312
14 89 -247
14 86 -304
14 90 -290
14 91 -291
14 92 -296
15 93 -227
15 94 -283
15 95 -118
15 96 -273
15 97 -276
16 98 -243
16 99 -286
16 68 -300
16 65 -145
17 100 -289
17 101 -331
17 102 -346
17 103 -340
18 104 -326
18 105 -566
18 72 -387
18 70 -576
19 106 -332
19 72 -387
19 75 -375
19 71 -381
19 107 -384
20 108 -310
20 77 -364
20 80 -349
20 63 -359
20 109 -362
21 110 -289
21 80 -349
21 84 -331
21 79 -339
22 111 -347
22 112 -388
22 113 -393
22 114 -392
22 115 -602
23 116 -264
23 117 -521
23 118 -305
23 119 -317
24 120 -319
24 121 -570
24 122 -369
24 123 -560
24 124 -558
25 125 -332
25 126 -589
25 127 -377
25 128 -378
26 129 -323
26 127 -377
26 130 -463
26 131 -570
26 132 -361
27 133 -85
27 134 -292
27 135 -477
27 136 -281
27 137 -281
28 138 -347
28 139 -271
28 115 -602
28 140 -471
29 141 -245
29 142 -504
29 143 -288
29 144 -299
29 145 -492
30 146 -267
30 147 -327
30 148 -509
30 149 -523
30 150 -512
31 151 -265
31 152 -315
31 153 -321
31 154 -310
32 155 -239
32 156 -291
32 157 -482
32 158 -476
32 159 -280
33 160 -83
33 161 -282
33 159 -280
33 156 -291
33 162 -473
163 197 -234
163 198 -285
163 199 -280
163 200 -278
163 201 -290
164 202 -248
164 203 -299
164 204 -292
164 201 -290
164 205 -305
165 206 -263
165 207 -315
165 208 -306
165 205 -305
165 209 -321
166 210 -279
166 211 -332
166 212 -321
166 209 -321
166 213 -338
167 214 -322
167 215 -361
167 216 -367
167 217 -367
167 218 -379
168 219 -269
168 220 -313
168 221 -527
168 222 -516
168 223 -324
169 224 -298
169 225 -351
169 213 -338
169 226 -359
170 227 -252
170 228 -145
170 229 -309
170 230 -299
170 231 -300
171 232 -336
171 233 -576
171 234 -381
171 218 -379
171 235 -387
172 236 -324
172 234 -381
172 237 -368
172 238 -375
173 239 -313
173 237 -368
173 226 -359
173 225 -351
173 240 -364
174 241 -299
174 226 -359
174 242 -339
174 243 -349
175 244 -281
175 242 -339
175 245 -322
175 246 -323
175 247 -331
176 248 -263
176 245 -322
176 249 -304
176 250 -306
176 251 -312
177 252 -247
177 249 -304
177 253 -290
177 254 -291
177 255 -296
178 256 -227
178 257 -283
178 258 -118
178 259 -273
178 260 -276
179 261 -243
179 262 -286
179 231 -300
179 228 -145
180 263 -289
180 264 -331
180 265 -346
180 266 -340
181 267 -326
181 268 -566
181 235 -387
181 233 -576
182 269 -332
182 235 -387
182 238 -375
182 234 -381
182 270 -384
183 271 -310
183 240 -364
183 243 -349
183 226 -359
183 272 -362
184 273 -289
184 243 -349
184 247 -331
184 242 -339
185 274 -347
185 275 -388
185 276 -393
185 277 -392
185 278 -602
186 279 -264
186 280 -521
186 281 -305
186 282 -317
187 283 -319
187 284 -570
187 285 -369
187 286 -560
187 287 -558
188 288 -332
188 289 -589
188 290 -377
188 291 -378
189 292 -323
189 290 -377
189 293 -463
189 294 -570
189 295 -361
190 296 -85
190 297 -292
190 298 -477
190 299 -281
190 300 -281
191 301 -347
191 302 -271
191 278 -602
191 303 -471
192 304 -245
192 305 -504
192 306 -288
192 307 -299
192 308 -492
193 309 -267
193 310 -327
193 311 -509
193 312 -523
193 313 -512
194 314 -265
194 315 -315
194 316 -321
194 317 -310
195 318 -239
195 319 -291
195 320 -482
195 321 -476
195 322 -280
196 323 -83
196 324 -282
196 322 -280
196 319 -291
196 325 -473
0 163 0
1 164 0
2 165 0
3 166 0
4 167 0
5 168 0
6 169 0
7 170 0
8 171 0
9 172 0
10 173 0
11 174 0
12 175 0
13 176 0
14 177 0
15 178 0
16 179 0
17 180 0
18 181 0
19 182 0
20 183 0
21 184 0
22 185 0
23 186 0
24 187 0
25 188 0
26 189 0
27 190 0
28 191 0
29 192 0
30 193 0
31 194 0
32 195 0
33 196 0
34 197 0
35 198 0
36 199 0
37 200 0
38 201 0
39 202 0
40 203 0
41 204 0
42 205 0
43 206 0
44 207 0
45 208 0
46 209 0
47 210 0
48 211 0
49 212 0
50 213 0
51 214 0
52 215 0
53 216 0
54 217 0
55 218 0
56 219 0
57 220 0
58 221 0
59 222 0
60 223 0
61 224 0
62 225 0
63 226 0
64 227 0
65 228 0
66 229 0
67 230 0
68 231 0
69 232 0
70 233 0
71 234 0
72 235 0
73 236 0
74 237 0
75 238 0
76 239 0
77 240 0
78 241 0
79 242 0
80 243 0
81 244 0
82 245 0
83 246 0
84 247 0
85 248 0
86 249 0
87 250 0
88 251 0
89 252 0
90 253 0
91 254 0
92 255 0
93 256 0
94 257 0
95 258 0
96 259 0
97 260 0
98 261 0
99 262 0
100 263 0
101 264 0
102 265 0
103 266 0
104 267 0
105 268 0
106 269 0
107 270 0
108 271 0
109 272 0
110 273 0
111 274 0
112 275 0
113 276 0
114 277 0
115 278 0
116 279 0
117 280 0
118 281 0
119 282 0
120 283 0
121 284 0
122 285 0
123 286 0
124 287 0
125 288 0
126 289 0
127 290 0
128 291 0
129 292 0
130 293 0
131 294 0
132 295 0
133 296 0
134 297 0
135 298 0
136 299 0
137 300 0
138 301 0
139 302 0
140 303 0
141 304 0
142 305 0
143 306 0
144 307 0
145 308 0
146 309 0
147 310 0
148 311 0
149 312 0
150 313 0
151 314 0
152 315 0
153 316 0
154 317 0
155 318 0
156 319 0
157 320 0
158 321 0
159 322 0
160 323 0
161 324 0
162 325 0
