144 200
0 13 -118
0 14 -317
0 15 -315
0 16 -309
0 17 -325
1 18 -296
1 19 -345
1 20 -339
1 21 -339
1 22 -353
2 23 -311
2 24 -362
2 25 -353
2 22 -353
2 26 -370
3 27 -330
3 28 -381
3 29 -370
3 26 -370
3 30 -391
4 31 -353
4 32 -405
4 30 -391
4 33 -617
5 34 -251
5 35 -510
5 36 -492
5 37 -494
5 38 -158
6 39 -286
6 40 -76
6 41 -545
6 42 -531
6 43 -536
7 44 -369
7 45 -623
7 33 -617
7 32 -405
7 46 -623
8 47 -85
8 48 -543
8 49 -326
8 50 -526
8 51 -538
9 52 -325
9 53 -580
9 54 -372
9 55 -588
9 56 -562
10 57 -359
10 58 -624
10 59 -396
10 60 -615
10 61 -604
11 62 -156
11 63 -402
11 64 -593
11 65 -611
11 66 -601
12 67 -333
12 68 -597
12 69 -371
12 70 -584
12 71 -584
72 85 -118
72 86 -317
72 87 -315
72 88 -309
72 89 -325
73 90 -296
73 91 -345
73 92 -339
73 93 -339
73 94 -353
74 95 -311
74 96 -362
74 97 -353
74 94 -353
74 98 -370
75 99 -330
75 100 -381
75 101 -370
75 98 -370
75 102 -391
76 103 -353
76 104 -405
76 102 -391
76 105 -617
77 106 -251
77 107 -510
77 108 -492
77 109 -494
77 110 -158
78 111 -286
78 112 -76
78 113 -545
78 114 -531
78 115 -536
79 116 -369
79 117 -623
79 105 -617
79 104 -405
79 118 -623
80 119 -85
80 120 -543
80 121 -326
80 122 -526
80 123 -538
81 124 -325
81 125 -580
81 126 -372
81 127 -588
81 128 -562
82 129 -359
82 130 -624
82 131 -396
82 132 -615
82 133 -604
83 134 -156
83 135 -402
83 136 -593
83 137 -611
83 138 -601
84 139 -333
84 140 -597
84 141 -371
84 142 -584
84 143 -584
0 72 0
1 73 0
2 74 0
3 75 0
4 76 0
5 77 0
6 78 0
7 79 0
8 80 0
9 81 0
10 82 0
11 83 0
12 84 0
13 85 0
14 86 0
15 87 0
16 88 0
17 89 0
18 90 0
19 91 0
20 92 0
21 93 0
22 94 0
23 95 0
24 96 0
25 97 0
26 98 0
27 99 0
28 100 0
29 101 0
30 102 0
31 103 0
32 104 0
33 105 0
34 106 0
35 107 0
36 108 0
37 109 0
38 110 0
39 111 0
40 112 0
41 113 0
42 114 0
43 115 0
44 116 0
45 117 0
46 118 0
47 119 0
48 120 0
49 121 0
50 122 0
51 123 0
52 124 0
53 125 0
54 126 0
55 127 0
56 128 0
57 129 0
58 130 0
59 131 0
60 132 0
61 133 0
62 134 0
63 135 0
64 136 0
65 137 0
66 138 0
67 139 0
68 140 0
69 141 0
70 142 0
71 143 0
