430 667
0 49 -435
0 50 -478
0 51 -486
0 52 -477
0 53 -493
1 54 -444
1 53 -493
1 51 -486
1 55 -503
2 56 -451
2 57 -493
2 55 -503
2 53 -493
2 58 -511
3 59 -472
3 60 -559
3 61 -533
3 62 -511
3 63 -582
4 64 -426
4 65 -470
4 66 -535
4 67 -514
4 68 -487
5 69 -513
5 70 -558
5 71 -549
5 72 -579
6 73 -492
6 74 -552
6 75 -531
6 76 -532
6 77 -553
7 78 -473
7 75 -531
7 79 -512
7 80 -516
7 81 -531
8 82 -432
8 83 -493
8 84 -518
8 85 -529
8 86 -487
9 87 -500
9 88 -540
9 89 -462
10 90 -515
10 91 -629
10 77 -553
10 74 -552
10 92 -579
11 93 -491
11 77 -553
11 81 -531
11 75 -531
11 94 -602
12 95 -469
12 81 -531
12 96 -508
12 79 -512
12 97 -527
13 98 -468
13 99 -508
13 100 -529
13 101 -513
13 102 -413
14 103 -500
14 104 -540
14 89 -462
14 88 -540
14 105 -547
15 106 -364
15 107 -654
15 108 -626
15 109 -614
16 110 -465
16 97 -527
16 111 -504
16 96 -508
16 112 -511
17 113 -442
17 111 -504
17 114 -328
17 86 -487
17 115 -488
18 102 -463
18 116 -502
18 117 -525
18 98 -418
19 118 -554
19 109 -614
19 119 -634
19 108 -676
19 120 -605
20 121 -563
20 119 -634
20 122 -644
20 123 -613
21 124 -527
21 122 -644
21 125 -613
21 92 -579
22 126 -473
22 127 -537
22 112 -511
22 97 -527
23 128 -564
23 120 -605
23 119 -634
23 129 -635
24 130 -538
24 131 -595
24 132 -639
24 133 -588
25 134 -565
25 135 -604
25 136 -628
25 137 -614
25 138 -616
26 139 -586
26 136 -628
26 140 -620
26 129 -635
26 141 -638
27 142 -258
27 143 -446
27 144 -470
27 145 -454
27 146 -454
28 147 -431
28 144 -470
28 148 -493
28 149 -477
28 150 -477
29 151 -454
29 148 -493
29 152 -513
29 153 -499
29 154 -498
30 155 -473
30 152 -513
30 156 -535
30 157 -520
30 158 -515
31 159 -509
31 160 -546
31 161 -573
31 162 -556
31 163 -546
32 164 -539
32 161 -573
32 165 -597
32 133 -588
32 166 -470
33 167 -555
33 165 -597
33 138 -616
33 135 -604
34 168 -579
34 138 -616
34 141 -638
34 136 -628
34 169 -618
35 170 -573
35 141 -638
35 171 -610
35 140 -620
36 172 -511
36 173 -564
36 174 -607
36 175 -601
36 176 -598
37 166 -520
37 177 -577
37 164 -489
37 178 -553
38 179 -577
38 169 -618
38 141 -638
38 180 -619
39 181 -501
39 182 -555
39 176 -598
39 173 -564
39 183 -585
40 184 -508
40 178 -553
40 177 -577
40 185 -542
41 186 -487
41 187 -523
41 185 -542
41 178 -553
41 188 -423
42 188 -473
42 189 -510
42 190 -527
42 186 -437
42 191 -508
43 192 -533
43 193 -597
43 194 -617
43 195 -587
43 196 -627
44 197 -416
44 198 -457
44 199 -469
44 200 -480
44 201 -452
45 202 -523
45 203 -587
45 204 -578
45 205 -616
46 206 -388
46 207 -430
46 208 -441
46 201 -452
46 209 -276
47 210 -508
47 211 -572
47 205 -616
47 212 -550
48 213 -366
48 212 -550
48 214 -599
48 211 -572
215 264 -435
215 265 -478
215 266 -486
215 267 -477
215 268 -493
216 269 -444
216 268 -493
216 266 -486
216 270 -503
217 271 -451
217 272 -493
217 270 -503
217 268 -493
217 273 -511
218 274 -472
218 275 -559
218 276 -533
218 277 -511
218 278 -582
219 279 -426
219 280 -470
219 281 -535
219 282 -514
219 283 -487
220 284 -513
220 285 -558
220 286 -549
220 287 -579
221 288 -492
221 289 -552
221 290 -531
221 291 -532
221 292 -553
222 293 -473
222 290 -531
222 294 -512
222 295 -516
222 296 -531
223 297 -432
223 298 -493
223 299 -518
223 300 -529
223 301 -487
224 302 -500
224 303 -540
224 304 -462
225 305 -515
225 306 -629
225 292 -553
225 289 -552
225 307 -579
226 308 -491
226 292 -553
226 296 -531
226 290 -531
226 309 -602
227 310 -469
227 296 -531
227 311 -508
227 294 -512
227 312 -527
228 313 -468
228 314 -508
228 315 -529
228 316 -513
228 317 -413
229 318 -500
229 319 -540
229 304 -462
229 303 -540
229 320 -547
230 321 -364
230 322 -654
230 323 -626
230 324 -614
231 325 -465
231 312 -527
231 326 -504
231 311 -508
231 327 -511
232 328 -442
232 326 -504
232 329 -328
232 301 -487
232 330 -488
233 317 -463
233 331 -502
233 332 -525
233 313 -418
234 333 -554
234 324 -614
234 334 -634
234 323 -676
234 335 -605
235 336 -563
235 334 -634
235 337 -644
235 338 -613
236 339 -527
236 337 -644
236 340 -613
236 307 -579
237 341 -473
237 342 -537
237 327 -511
237 312 -527
238 343 -564
238 335 -605
238 334 -634
238 344 -635
239 345 -538
239 346 -595
239 347 -639
239 348 -588
240 349 -565
240 350 -604
240 351 -628
240 352 -614
240 353 -616
241 354 -586
241 351 -628
241 355 -620
241 344 -635
241 356 -638
242 357 -258
242 358 -446
242 359 -470
242 360 -454
242 361 -454
243 362 -431
243 359 -470
243 363 -493
243 364 -477
243 365 -477
244 366 -454
244 363 -493
244 367 -513
244 368 -499
244 369 -498
245 370 -473
245 367 -513
245 371 -535
245 372 -520
245 373 -515
246 374 -509
246 375 -546
246 376 -573
246 377 -556
246 378 -546
247 379 -539
247 376 -573
247 380 -597
247 348 -588
247 381 -470
248 382 -555
248 380 -597
248 353 -616
248 350 -604
249 383 -579
249 353 -616
249 356 -638
249 351 -628
249 384 -618
250 385 -573
250 356 -638
250 386 -610
250 355 -620
251 387 -511
251 388 -564
251 389 -607
251 390 -601
251 391 -598
252 381 -520
252 392 -577
252 379 -489
252 393 -553
253 394 -577
253 384 -618
253 356 -638
253 395 -619
254 396 -501
254 397 -555
254 391 -598
254 388 -564
254 398 -585
255 399 -508
255 393 -553
255 392 -577
255 400 -542
256 401 -487
256 402 -523
256 400 -542
256 393 -553
256 403 -423
257 403 -473
257 404 -510
257 405 -527
257 401 -437
257 406 -508
258 407 -533
258 408 -597
258 409 -617
258 410 -587
258 411 -627
259 412 -416
259 413 -457
259 414 -469
259 415 -480
259 416 -452
260 417 -523
260 418 -587
260 419 -578
260 420 -616
261 421 -388
261 422 -430
261 423 -441
261 416 -452
261 424 -276
262 425 -508
262 426 -572
262 420 -616
262 427 -550
263 428 -366
263 427 -550
263 429 -599
263 426 -572
0 215 0
1 216 0
2 217 0
3 218 0
4 219 0
5 220 0
6 221 0
7 222 0
8 223 0
9 224 0
10 225 0
11 226 0
12 227 0
13 228 0
14 229 0
15 230 0
16 231 0
17 232 0
18 233 0
19 234 0
20 235 0
21 236 0
22 237 0
23 238 0
24 239 0
25 240 0
26 241 0
27 242 0
28 243 0
29 244 0
30 245 0
31 246 0
32 247 0
33 248 0
34 249 0
35 250 0
36 251 0
37 252 0
38 253 0
39 254 0
40 255 0
41 256 0
42 257 0
43 258 0
44 259 0
45 260 0
46 261 0
47 262 0
48 263 0
49 264 0
50 265 0
51 266 0
52 267 0
53 268 0
54 269 0
55 270 0
56 271 0
57 272 0
58 273 0
59 274 0
60 275 0
61 276 0
62 277 0
63 278 0
64 279 0
65 280 0
66 281 0
67 282 0
68 283 0
69 284 0
70 285 0
71 286 0
72 287 0
73 288 0
74 289 0
75 290 0
76 291 0
77 292 0
78 293 0
79 294 0
80 295 0
81 296 0
82 297 0
83 298 0
84 299 0
85 300 0
86 301 0
87 302 0
88 303 0
89 304 0
90 305 0
91 306 0
92 307 0
93 308 0
94 309 0
95 310 0
96 311 0
97 312 0
98 313 0
99 314 0
100 315 0
101 316 0
102 317 0
103 318 0
104 319 0
105 320 0
106 321 0
107 322 0
108 323 0
109 324 0
110 325 0
111 326 0
112 327 0
113 328 0
114 329 0
115 330 0
116 331 0
117 332 0
118 333 0
119 334 0
120 335 0
121 336 0
122 337 0
123 338 0
124 339 0
125 340 0
126 341 0
127 342 0
128 343 0
129 344 0
130 345 0
131 346 0
132 347 0
133 348 0
134 349 0
135 350 0
136 351 0
137 352 0
138 353 0
139 354 0
140 355 0
141 356 0
142 357 0
143 358 0
144 359 0
145 360 0
146 361 0
147 362 0
148 363 0
149 364 0
150 365 0
151 366 0
152 367 0
153 368 0
154 369 0
155 370 0
156 371 0
157 372 0
158 373 0
159 374 0
160 375 0
161 376 0
162 377 0
163 378 0
164 379 0
165 380 0
166 381 0
167 382 0
168 383 0
169 384 0
170 385 0
171 386 0
172 387 0
173 388 0
174 389 0
175 390 0
176 391 0
177 392 0
178 393 0
179 394 0
180 395 0
181 396 0
182 397 0
183 398 0
184 399 0
185 400 0
186 401 0
187 402 0
188 403 0
189 404 0
190 405 0
191 406 0
192 407 0
193 408 0
194 409 0
195 410 0
196 411 0
197 412 0
198 413 0
199 414 0
200 415 0
201 416 0
202 417 0
203 418 0
204 419 0
205 420 0
206 421 0
207 422 0
208 423 0
209 424 0
210 425 0
211 426 0
212 427 0
213 428 0
214 429 0
