410 669
0 50 -336
0 51 -382
0 52 -383
0 53 -225
0 54 -395
1 55 -353
1 56 -398
1 57 -400
1 54 -395
1 58 -411
2 59 -378
2 60 -420
2 61 -427
2 62 -419
2 63 -438
3 64 -398
3 65 -438
3 66 -448
3 63 -438
3 67 -460
4 68 -398
4 67 -460
4 65 -438
5 69 -210
5 67 -460
5 66 -448
5 70 -474
6 71 -428
6 72 -522
6 73 -534
6 74 -544
6 75 -502
7 76 -223
7 70 -474
7 67 -460
7 77 -487
8 78 -227
8 75 -502
8 72 -472
8 79 -503
9 80 -350
9 81 -390
9 82 -411
9 83 -397
9 84 -393
10 85 -368
10 82 -411
10 86 -425
10 87 -413
10 88 -410
11 89 -383
11 86 -425
11 90 -441
11 91 -426
11 92 -426
12 93 -423
12 94 -461
12 77 -487
12 95 -466
13 96 -438
13 77 -487
13 97 -492
13 70 -524
13 98 -480
14 99 -446
14 97 -492
14 79 -503
14 100 -487
15 101 -457
15 79 -503
15 102 -498
15 75 -502
15 103 -495
16 104 -404
16 105 -443
16 95 -466
16 94 -461
17 106 -430
17 95 -466
17 98 -480
17 77 -487
17 107 -474
18 108 -433
18 98 -480
18 100 -487
18 97 -492
18 109 -475
19 110 -442
19 100 -487
19 103 -495
19 79 -503
19 111 -483
20 112 -418
20 113 -471
20 114 -516
20 115 -530
21 116 -424
21 107 -474
21 109 -475
21 98 -480
21 117 -468
22 118 -428
22 109 -475
22 111 -483
22 100 -487
22 119 -471
23 120 -435
23 111 -483
23 103 -495
23 121 -476
24 122 -419
24 117 -468
24 107 -474
24 123 -466
25 124 -419
25 117 -468
25 119 -471
25 109 -475
25 125 -464
26 126 -425
26 119 -471
26 121 -476
26 111 -483
26 127 -468
27 128 -408
27 129 -451
27 123 -466
27 130 -457
28 131 -414
28 123 -466
28 125 -464
28 117 -468
28 132 -461
29 133 -415
29 125 -464
29 127 -468
29 119 -471
29 134 -461
30 135 -420
30 127 -468
30 136 -454
30 121 -476
30 137 -464
31 138 -333
31 139 -393
31 140 -374
31 141 -281
32 142 -401
32 143 -447
32 130 -457
32 129 -451
32 144 -490
33 145 -414
33 130 -457
33 132 -461
33 123 -466
33 146 -451
34 147 -410
34 132 -461
34 134 -461
34 125 -464
35 148 -413
35 134 -461
35 137 -464
35 127 -468
35 149 -447
36 141 -331
36 150 -390
36 151 -372
36 138 -283
36 152 -373
37 153 -314
37 151 -372
37 154 -354
37 155 -365
37 156 -357
38 157 -146
38 154 -354
38 158 -336
38 159 -347
38 160 -340
39 161 -372
39 162 -410
39 163 -435
40 164 -384
40 165 -433
40 166 -421
40 167 -448
40 168 -421
41 169 -378
41 170 -419
41 171 -426
41 172 -439
41 173 -419
42 174 -370
42 168 -421
42 165 -433
42 175 -407
43 176 -323
43 177 -431
43 178 -365
43 179 -381
43 180 -415
44 181 -358
44 175 -407
44 182 -397
44 168 -421
44 183 -396
45 184 -351
45 185 -395
45 186 -397
45 187 -410
45 188 -391
46 189 -334
46 190 -383
46 191 -375
46 183 -396
46 192 -374
47 193 -314
47 194 -363
47 195 -356
47 192 -374
47 196 -355
48 197 -297
48 198 -346
48 199 -340
48 196 -355
48 200 -188
49 201 -147
49 202 -343
49 203 -345
49 204 -358
205 255 -336
205 256 -382
205 257 -383
205 258 -225
205 259 -395
206 260 -353
206 261 -398
206 262 -400
206 259 -395
206 263 -411
207 264 -378
207 265 -420
207 266 -427
207 267 -419
207 268 -438
208 269 -398
208 270 -438
208 271 -448
208 268 -438
208 272 -460
209 273 -398
209 272 -460
209 270 -438
210 274 -210
210 272 -460
210 271 -448
210 275 -474
211 276 -428
211 277 -522
211 278 -534
211 279 -544
211 280 -502
212 281 -223
212 275 -474
212 272 -460
212 282 -487
213 283 -227
213 280 -502
213 277 -472
213 284 -503
214 285 -350
214 286 -390
214 287 -411
214 288 -397
214 289 -393
215 290 -368
215 287 -411
215 291 -425
215 292 -413
215 293 -410
216 294 -383
216 291 -425
216 295 -441
216 296 -426
216 297 -426
217 298 -423
217 299 -461
217 282 -487
217 300 -466
218 301 -438
218 282 -487
218 302 -492
218 275 -524
218 303 -480
219 304 -446
219 302 -492
219 284 -503
219 305 -487
220 306 -457
220 284 -503
220 307 -498
220 280 -502
220 308 -495
221 309 -404
221 310 -443
221 300 -466
221 299 -461
222 311 -430
222 300 -466
222 303 -480
222 282 -487
222 312 -474
223 313 -433
223 303 -480
223 305 -487
223 302 -492
223 314 -475
224 315 -442
224 305 -487
224 308 -495
224 284 -503
224 316 -483
225 317 -418
225 318 -471
225 319 -516
225 320 -530
226 321 -424
226 312 -474
226 314 -475
226 303 -480
226 322 -468
227 323 -428
227 314 -475
227 316 -483
227 305 -487
227 324 -471
228 325 -435
228 316 -483
228 308 -495
228 326 -476
229 327 -419
229 322 -468
229 312 -474
229 328 -466
230 329 -419
230 322 -468
230 324 -471
230 314 -475
230 330 -464
231 331 -425
231 324 -471
231 326 -476
231 316 -483
231 332 -468
232 333 -408
232 334 -451
232 328 -466
232 335 -457
233 336 -414
233 328 -466
233 330 -464
233 322 -468
233 337 -461
234 338 -415
234 330 -464
234 332 -468
234 324 -471
234 339 -461
235 340 -420
235 332 -468
235 341 -454
235 326 -476
235 342 -464
236 343 -333
236 344 -393
236 345 -374
236 346 -281
237 347 -401
237 348 -447
237 335 -457
237 334 -451
237 349 -490
238 350 -414
238 335 -457
238 337 -461
238 328 -466
238 351 -451
239 352 -410
239 337 -461
239 339 -461
239 330 -464
240 353 -413
240 339 -461
240 342 -464
240 332 -468
240 354 -447
241 346 -331
241 355 -390
241 356 -372
241 343 -283
241 357 -373
242 358 -314
242 356 -372
242 359 -354
242 360 -365
242 361 -357
243 362 -146
243 359 -354
243 363 -336
243 364 -347
243 365 -340
244 366 -372
244 367 -410
244 368 -435
245 369 -384
245 370 -433
245 371 -421
245 372 -448
245 373 -421
246 374 -378
246 375 -419
246 376 -426
246 377 -439
246 378 -419
247 379 -370
247 373 -421
247 370 -433
247 380 -407
248 381 -323
248 382 -431
248 383 -365
248 384 -381
248 385 -415
249 386 -358
249 380 -407
249 387 -397
249 373 -421
249 388 -396
250 389 -351
250 390 -395
250 391 -397
250 392 -410
250 393 -391
251 394 -334
251 395 -383
251 396 -375
251 388 -396
251 397 -374
252 398 -314
252 399 -363
252 400 -356
252 397 -374
252 401 -355
253 402 -297
253 403 -346
253 404 -340
253 401 -355
253 405 -188
254 406 -147
254 407 -343
254 408 -345
254 409 -358
0 205 0
1 206 0
2 207 0
3 208 0
4 209 0
5 210 0
6 211 0
7 212 0
8 213 0
9 214 0
10 215 0
11 216 0
12 217 0
13 218 0
14 219 0
15 220 0
16 221 0
17 222 0
18 223 0
19 224 0
20 225 0
21 226 0
22 227 0
23 228 0
24 229 0
25 230 0
26 231 0
27 232 0
28 233 0
29 234 0
30 235 0
31 236 0
32 237 0
33 238 0
34 239 0
35 240 0
36 241 0
37 242 0
38 243 0
39 244 0
40 245 0
41 246 0
42 247 0
43 248 0
44 249 0
45 250 0
46 251 0
47 252 0
48 253 0
49 254 0
50 255 0
51 256 0
52 257 0
53 258 0
54 259 0
55 260 0
56 261 0
57 262 0
58 263 0
59 264 0
60 265 0
61 266 0
62 267 0
63 268 0
64 269 0
65 270 0
66 271 0
67 272 0
68 273 0
69 274 0
70 275 0
71 276 0
72 277 0
73 278 0
74 279 0
75 280 0
76 281 0
77 282 0
78 283 0
79 284 0
80 285 0
81 286 0
82 287 0
83 288 0
84 289 0
85 290 0
86 291 0
87 292 0
88 293 0
89 294 0
90 295 0
91 296 0
92 297 0
93 298 0
94 299 0
95 300 0
96 301 0
97 302 0
98 303 0
99 304 0
100 305 0
101 306 0
102 307 0
103 308 0
104 309 0
105 310 0
106 311 0
107 312 0
108 313 0
109 314 0
110 315 0
111 316 0
112 317 0
113 318 0
114 319 0
115 320 0
116 321 0
117 322 0
118 323 0
119 324 0
120 325 0
121 326 0
122 327 0
123 328 0
124 329 0
125 330 0
126 331 0
127 332 0
128 333 0
129 334 0
130 335 0
131 336 0
132 337 0
133 338 0
134 339 0
135 340 0
136 341 0
137 342 0
138 343 0
139 344 0
140 345 0
141 346 0
142 347 0
143 348 0
144 349 0
145 350 0
146 351 0
147 352 0
148 353 0
149 354 0
150 355 0
151 356 0
152 357 0
153 358 0
154 359 0
155 360 0
156 361 0
157 362 0
158 363 0
159 364 0
160 365 0
161 366 0
162 367 0
163 368 0
164 369 0
165 370 0
166 371 0
167 372 0
168 373 0
169 374 0
170 375 0
171 376 0
172 377 0
173 378 0
174 379 0
175 380 0
176 381 0
177 382 0
178 383 0
179 384 0
180 385 0
181 386 0
182 387 0
183 388 0
184 389 0
185 390 0
186 391 0
187 392 0
188 393 0
189 394 0
190 395 0
191 396 0
192 397 0
193 398 0
194 399 0
195 400 0
196 401 0
197 402 0
198 403 0
199 404 0
200 405 0
201 406 0
202 407 0
203 408 0
204 409 0
