124 184
0 13 -480
0 14 -766
0 15 -749
0 16 -755
0 17 -737
1 18 -485
1 19 -752
1 20 -720
1 21 -796
2 22 -656
2 20 -720
2 23 -674
2 24 -675
2 25 -695
3 26 -612
3 23 -674
3 27 -631
3 28 -635
3 29 -651
4 30 -572
4 27 -631
4 31 -594
4 32 -598
4 33 -611
5 34 -537
5 31 -594
5 35 -560
5 36 -565
5 37 -576
6 38 -354
6 35 -560
6 39 -533
6 40 -543
7 41 -532
7 42 -773
7 43 -774
7 44 -822
7 45 -773
8 46 -513
8 43 -774
8 21 -796
8 19 -752
8 47 -776
9 48 -521
9 49 -779
9 50 -781
9 51 -763
10 52 -527
10 53 -814
10 54 -836
10 51 -763
10 55 -793
11 56 -542
11 54 -836
11 57 -782
11 58 -779
11 59 -787
12 60 -526
12 59 -787
12 61 -767
12 57 -782
62 75 -480
62 76 -766
62 77 -749
62 78 -755
62 79 -737
63 80 -485
63 81 -752
63 82 -720
63 83 -796
64 84 -656
64 82 -720
64 85 -674
64 86 -675
64 87 -695
65 88 -612
65 85 -674
65 89 -631
65 90 -635
65 91 -651
66 92 -572
66 89 -631
66 93 -594
66 94 -598
66 95 -611
67 96 -537
67 93 -594
67 97 -560
67 98 -565
67 99 -576
68 100 -354
68 97 -560
68 101 -533
68 102 -543
69 103 -532
69 104 -773
69 105 -774
69 106 -822
69 107 -773
70 108 -513
70 105 -774
70 83 -796
70 81 -752
70 109 -776
71 110 -521
71 111 -779
71 112 -781
71 113 -763
72 114 -527
72 115 -814
72 116 -836
72 113 -763
72 117 -793
73 118 -542
73 116 -836
73 119 -782
73 120 -779
73 121 -787
74 122 -526
74 121 -787
74 123 -767
74 119 -782
0 62 0
1 63 0
2 64 0
3 65 0
4 66 0
5 67 0
6 68 0
7 69 0
8 70 0
9 71 0
10 72 0
11 73 0
12 74 0
13 75 0
14 76 0
15 77 0
16 78 0
17 79 0
18 80 0
19 81 0
20 82 0
21 83 0
22 84 0
23 85 0
24 86 0
25 87 0
26 88 0
27 89 0
28 90 0
29 91 0
30 92 0
31 93 0
32 94 0
33 95 0
34 96 0
35 97 0
36 98 0
37 99 0
38 100 0
39 101 0
40 102 0
41 103 0
42 104 0
43 105 0
44 106 0
45 107 0
46 108 0
47 109 0
48 110 0
49 111 0
50 112 0
51 113 0
52 114 0
53 115 0
54 116 0
55 117 0
56 118 0
57 119 0
58 120 0
59 121 0
60 122 0
61 123 0
