478 773
0 61 0
0 62 0
1 63 0
1 62 0
1 64 0
1 65 0
2 66 0
2 64 0
2 67 0
2 68 0
3 69 0
3 70 0
3 71 0
3 72 -5
4 73 0
4 74 -5
4 75 -5
4 76 -5
5 77 0
5 78 0
6 79 0
6 65 0
6 62 0
7 80 0
7 65 0
7 68 0
7 64 0
7 81 0
8 82 0
8 83 0
8 72 -5
8 70 0
8 84 -5
9 85 0
9 72 -5
9 86 -5
9 71 0
9 87 -10
10 88 0
10 89 -5
10 76 -5
10 74 -5
10 90 -5
11 91 0
11 92 -6
11 93 -6
11 94 -6
11 95 -7
12 96 0
12 97 0
13 98 0
13 81 0
13 65 0
14 99 0
14 87 -10
14 86 -5
14 100 -27
15 101 0
15 90 -5
15 89 -5
15 102 -5
16 103 0
16 90 -5
16 104 -6
16 76 -5
16 105 -6
17 106 0
17 104 -6
17 107 -7
17 108 -6
17 109 -7
18 107 0
18 106 -6
18 95 -7
18 92 -6
18 110 -7
19 111 0
19 112 0
19 78 0
19 113 0
20 114 0
20 110 -7
20 115 -7
20 95 -7
20 116 -9
21 117 0
21 118 0
21 97 0
21 119 0
22 120 0
22 121 -28
22 100 -27
22 122 -31
23 123 0
23 124 -7
23 125 -8
23 109 -7
23 126 -8
24 125 0
24 123 -7
24 116 -9
24 110 -7
24 127 -9
25 128 0
25 116 -9
25 129 -7
25 115 -7
25 130 -9
26 131 0
26 132 0
26 113 0
26 133 0
27 134 0
27 127 -9
27 130 -9
27 116 -9
27 135 -9
28 136 0
28 133 0
28 137 0
28 132 0
28 138 0
29 139 0
29 140 -32
29 122 -31
29 141 -35
30 142 0
30 143 -11
30 144 -207
30 145 -7
30 146 -211
31 147 0
31 144 -207
31 135 -9
31 127 -9
31 148 -207
32 149 0
32 138 0
32 133 0
32 150 0
33 151 0
33 138 0
33 152 0
33 137 0
33 153 0
34 154 0
34 150 0
34 153 0
34 138 0
34 155 0
35 156 0
35 153 0
35 157 0
35 152 0
35 158 0
36 159 0
36 160 -35
36 161 -43
36 162 -34
36 163 -244
37 164 0
37 165 -5
37 166 -206
38 167 0
38 155 0
38 150 0
38 168 0
39 169 0
39 155 0
39 158 0
39 153 0
39 170 0
40 171 0
40 172 -235
40 163 -244
40 160 -35
40 173 -246
41 174 0
41 168 0
41 170 0
41 155 0
41 175 0
42 176 0
42 173 -246
42 177 -51
42 163 -244
42 178 -251
43 179 0
43 175 0
43 168 0
43 180 0
44 181 0
44 182 -31
44 183 -241
45 184 0
45 180 0
45 185 0
45 175 0
45 186 0
46 187 0
46 183 -241
46 188 -31
46 182 -31
46 189 -31
47 190 0
47 188 -31
47 191 -23
47 192 -23
47 193 -23
48 191 0
48 190 -29
48 194 -6
48 195 -6
48 196 -6
49 197 0
49 194 -6
49 198 -5
49 199 -5
49 200 -5
50 201 0
50 198 -5
50 202 0
50 203 -5
50 204 -5
51 205 0
51 186 0
51 180 0
52 189 0
52 206 -233
52 207 -29
52 187 -33
53 208 0
53 209 -58
53 210 -258
53 211 -253
54 212 0
54 213 0
54 214 -298
54 215 -216
54 216 -99
55 217 0
55 218 -12
55 219 -211
55 220 -12
56 221 0
56 222 -216
56 223 -215
56 224 -215
56 225 0
57 226 0
57 227 -217
57 225 -17
57 222 -216
57 228 -17
58 229 -15
58 230 -68
58 231 -68
58 232 -261
59 233 0
59 234 -16
59 235 -16
59 228 -17
59 236 -14
60 237 0
60 238 0
60 236 -14
60 234 -16
239 300 0
239 301 0
240 302 0
240 301 0
240 303 0
240 304 0
241 305 0
241 303 0
241 306 0
241 307 0
242 308 0
242 309 0
242 310 0
242 311 -5
243 312 0
243 313 -5
243 314 -5
243 315 -5
244 316 0
244 317 0
245 318 0
245 304 0
245 301 0
246 319 0
246 304 0
246 307 0
246 303 0
246 320 0
247 321 0
247 322 0
247 311 -5
247 309 0
247 323 -5
248 324 0
248 311 -5
248 325 -5
248 310 0
248 326 -10
249 327 0
249 328 -5
249 315 -5
249 313 -5
249 329 -5
250 330 0
250 331 -6
250 332 -6
250 333 -6
250 334 -7
251 335 0
251 336 0
252 337 0
252 320 0
252 304 0
253 338 0
253 326 -10
253 325 -5
253 339 -27
254 340 0
254 329 -5
254 328 -5
254 341 -5
255 342 0
255 329 -5
255 343 -6
255 315 -5
255 344 -6
256 345 0
256 343 -6
256 346 -7
256 347 -6
256 348 -7
257 346 0
257 345 -6
257 334 -7
257 331 -6
257 349 -7
258 350 0
258 351 0
258 317 0
258 352 0
259 353 0
259 349 -7
259 354 -7
259 334 -7
259 355 -9
260 356 0
260 357 0
260 336 0
260 358 0
261 359 0
261 360 -28
261 339 -27
261 361 -31
262 362 0
262 363 -7
262 364 -8
262 348 -7
262 365 -8
263 364 0
263 362 -7
263 355 -9
263 349 -7
263 366 -9
264 367 0
264 355 -9
264 368 -7
264 354 -7
264 369 -9
265 370 0
265 371 0
265 352 0
265 372 0
266 373 0
266 366 -9
266 369 -9
266 355 -9
266 374 -9
267 375 0
267 372 0
267 376 0
267 371 0
267 377 0
268 378 0
268 379 -32
268 361 -31
268 380 -35
269 381 0
269 382 -11
269 383 -207
269 384 -7
269 385 -211
270 386 0
270 383 -207
270 374 -9
270 366 -9
270 387 -207
271 388 0
271 377 0
271 372 0
271 389 0
272 390 0
272 377 0
272 391 0
272 376 0
272 392 0
273 393 0
273 389 0
273 392 0
273 377 0
273 394 0
274 395 0
274 392 0
274 396 0
274 391 0
274 397 0
275 398 0
275 399 -35
275 400 -43
275 401 -34
275 402 -244
276 403 0
276 404 -5
276 405 -206
277 406 0
277 394 0
277 389 0
277 407 0
278 408 0
278 394 0
278 397 0
278 392 0
278 409 0
279 410 0
279 411 -235
279 402 -244
279 399 -35
279 412 -246
280 413 0
280 407 0
280 409 0
280 394 0
280 414 0
281 415 0
281 412 -246
281 416 -51
281 402 -244
281 417 -251
282 418 0
282 414 0
282 407 0
282 419 0
283 420 0
283 421 -31
283 422 -241
284 423 0
284 419 0
284 424 0
284 414 0
284 425 0
285 426 0
285 422 -241
285 427 -31
285 421 -31
285 428 -31
286 429 0
286 427 -31
286 430 -23
286 431 -23
286 432 -23
287 430 0
287 429 -29
287 433 -6
287 434 -6
287 435 -6
288 436 0
288 433 -6
288 437 -5
288 438 -5
288 439 -5
289 440 0
289 437 -5
289 441 0
289 442 -5
289 443 -5
290 444 0
290 425 0
290 419 0
291 428 0
291 445 -233
291 446 -29
291 426 -33
292 447 0
292 448 -58
292 449 -258
292 450 -253
293 451 0
293 452 0
293 453 -298
293 454 -216
293 455 -99
294 456 0
294 457 -12
294 458 -211
294 459 -12
295 460 0
295 461 -216
295 462 -215
295 463 -215
295 464 0
296 465 0
296 466 -217
296 464 -17
296 461 -216
296 467 -17
297 468 -15
297 469 -68
297 470 -68
297 471 -261
298 472 0
298 473 -16
298 474 -16
298 467 -17
298 475 -14
299 476 0
299 477 0
299 475 -14
299 473 -16
0 239 0
1 240 0
2 241 0
3 242 0
4 243 0
5 244 0
6 245 0
7 246 0
8 247 0
9 248 0
10 249 0
11 250 0
12 251 0
13 252 0
14 253 0
15 254 0
16 255 0
17 256 0
18 257 0
19 258 0
20 259 0
21 260 0
22 261 0
23 262 0
24 263 0
25 264 0
26 265 0
27 266 0
28 267 0
29 268 0
30 269 0
31 270 0
32 271 0
33 272 0
34 273 0
35 274 0
36 275 0
37 276 0
38 277 0
39 278 0
40 279 0
41 280 0
42 281 0
43 282 0
44 283 0
45 284 0
46 285 0
47 286 0
48 287 0
49 288 0
50 289 0
51 290 0
52 291 0
53 292 0
54 293 0
55 294 0
56 295 0
57 296 0
58 297 0
59 298 0
60 299 0
61 300 0
62 301 0
63 302 0
64 303 0
65 304 0
66 305 0
67 306 0
68 307 0
69 308 0
70 309 0
71 310 0
72 311 0
73 312 0
74 313 0
75 314 0
76 315 0
77 316 0
78 317 0
79 318 0
80 319 0
81 320 0
82 321 0
83 322 0
84 323 0
85 324 0
86 325 0
87 326 0
88 327 0
89 328 0
90 329 0
91 330 0
92 331 0
93 332 0
94 333 0
95 334 0
96 335 0
97 336 0
98 337 0
99 338 0
100 339 0
101 340 0
102 341 0
103 342 0
104 343 0
105 344 0
106 345 0
107 346 0
108 347 0
109 348 0
110 349 0
111 350 0
112 351 0
113 352 0
114 353 0
115 354 0
116 355 0
117 356 0
118 357 0
119 358 0
120 359 0
121 360 0
122 361 0
123 362 0
124 363 0
125 364 0
126 365 0
127 366 0
128 367 0
129 368 0
130 369 0
131 370 0
132 371 0
133 372 0
134 373 0
135 374 0
136 375 0
137 376 0
138 377 0
139 378 0
140 379 0
141 380 0
142 381 0
143 382 0
144 383 0
145 384 0
146 385 0
147 386 0
148 387 0
149 388 0
150 389 0
151 390 0
152 391 0
153 392 0
154 393 0
155 394 0
156 395 0
157 396 0
158 397 0
159 398 0
160 399 0
161 400 0
162 401 0
163 402 0
164 403 0
165 404 0
166 405 0
167 406 0
168 407 0
169 408 0
170 409 0
171 410 0
172 411 0
173 412 0
174 413 0
175 414 0
176 415 0
177 416 0
178 417 0
179 418 0
180 419 0
181 420 0
182 421 0
183 422 0
184 423 0
185 424 0
186 425 0
187 426 0
188 427 0
189 428 0
190 429 0
191 430 0
192 431 0
193 432 0
194 433 0
195 434 0
196 435 0
197 436 0
198 437 0
199 438 0
200 439 0
201 440 0
202 441 0
203 442 0
204 443 0
205 444 0
206 445 0
207 446 0
208 447 0
209 448 0
210 449 0
211 450 0
212 451 0
213 452 0
214 453 0
215 454 0
216 455 0
217 456 0
218 457 0
219 458 0
220 459 0
221 460 0
222 461 0
223 462 0
224 463 0
225 464 0
226 465 0
227 466 0
228 467 0
229 468 0
230 469 0
231 470 0
232 471 0
233 472 0
234 473 0
235 474 0
236 475 0
237 476 0
238 477 0
