994 1701
0 138 0
0 139 0
1 140 0
1 141 0
1 142 0
1 143 0
2 144 0
2 145 0
3 146 0
3 147 0
3 139 0
4 148 0
4 149 0
4 150 0
4 151 0
4 152 0
5 153 0
5 150 0
5 154 0
5 155 0
5 156 0
6 154 0
6 153 0
6 157 0
6 158 0
6 159 0
7 160 0
7 161 0
7 162 0
7 163 0
7 164 0
8 162 0
8 160 0
8 165 0
8 166 0
8 167 0
9 168 0
9 165 0
9 169 0
9 170 0
9 171 0
10 172 0
10 169 0
10 173 0
10 174 0
10 175 0
11 173 0
11 172 0
11 176 0
11 177 0
11 178 0
12 179 0
12 176 0
12 143 0
12 141 0
12 180 0
13 181 0
13 143 0
13 142 0
14 182 0
14 183 0
15 184 0
15 185 0
15 147 0
16 186 0
16 180 0
16 143 0
17 187 0
17 188 0
17 189 0
17 190 0
17 191 0
18 189 0
18 187 0
18 192 0
18 193 0
18 194 0
19 192 0
19 189 0
19 195 0
19 152 0
19 196 0
20 197 0
20 198 0
20 199 0
20 200 0
20 201 0
21 194 0
21 191 0
21 196 0
21 189 0
21 202 0
22 203 0
22 196 0
22 204 0
22 195 0
22 205 0
23 206 0
23 207 0
23 208 0
23 209 0
23 210 0
24 211 0
24 212 0
24 202 0
24 191 0
24 213 0
25 214 0
25 202 0
25 205 0
25 196 0
25 215 0
26 216 0
26 205 0
26 217 0
26 204 0
26 218 0
27 219 0
27 220 0
27 221 0
27 201 0
27 222 0
28 223 0
28 224 0
28 210 0
28 207 0
28 225 0
29 226 0
29 210 0
29 208 0
29 227 0
30 228 0
30 229 0
30 230 0
30 231 0
31 232 0
31 213 0
31 215 0
31 202 0
31 233 0
32 234 0
32 215 0
32 218 0
32 205 0
32 235 0
33 236 0
33 225 0
33 227 0
33 210 0
33 237 0
34 238 0
34 233 0
34 235 0
34 215 0
34 239 0
35 240 0
35 237 0
35 227 0
35 241 0
36 242 0
36 243 0
36 231 0
36 244 0
37 245 0
37 246 0
37 247 0
37 248 0
37 249 0
38 250 0
38 251 0
38 252 0
39 253 0
39 244 0
39 254 0
39 243 0
39 255 0
40 256 0
40 252 0
40 257 0
41 258 0
41 252 0
41 259 0
41 251 0
41 260 0
42 261 0
42 262 0
42 263 0
42 264 0
42 265 0
43 266 0
43 257 0
43 267 0
44 268 0
44 257 0
44 260 0
44 252 0
44 269 0
45 270 0
45 260 0
45 271 0
45 259 0
45 272 0
46 273 0
46 274 0
46 275 0
46 276 0
47 274 0
47 273 0
47 277 0
47 255 0
47 278 0
48 277 0
48 274 0
48 265 0
48 262 0
48 279 0
49 265 0
49 277 0
49 280 0
49 261 0
49 281 0
50 282 0
50 283 0
50 284 0
50 285 0
51 286 0
51 267 0
51 287 0
52 288 0
52 267 0
52 269 0
52 257 0
52 289 0
53 290 0
53 269 0
53 272 0
53 260 0
53 291 0
54 292 0
54 272 0
54 293 0
54 271 0
54 294 0
55 276 0
55 278 0
55 273 0
55 295 0
56 278 0
56 276 0
56 279 0
56 274 0
56 296 0
57 279 0
57 278 0
57 281 0
57 277 0
57 297 0
58 298 0
58 281 0
58 299 0
58 280 0
58 300 0
59 301 0
59 302 0
59 285 0
59 283 0
59 303 0
60 304 0
60 285 0
60 287 0
60 305 0
61 306 0
61 287 0
61 289 0
61 267 0
61 307 0
62 308 0
62 289 0
62 291 0
62 269 0
62 309 0
63 310 0
63 291 0
63 294 0
63 272 0
63 311 0
64 312 0
64 294 0
64 313 0
64 293 0
64 314 0
65 315 0
65 313 0
65 316 0
65 317 0
65 318 0
66 296 0
66 295 0
66 297 0
66 278 0
67 319 0
67 297 0
67 300 0
67 281 0
68 320 0
68 300 0
68 321 0
68 299 0
69 322 0
69 321 0
69 323 0
69 324 0
70 325 0
70 326 0
70 303 0
70 302 0
70 327 0
71 328 0
71 303 0
71 305 0
71 285 0
71 329 0
72 330 0
72 305 0
72 307 0
72 287 0
73 331 0
73 307 0
73 309 0
73 289 0
74 332 0
74 309 0
74 311 0
74 291 0
75 333 0
75 311 0
75 314 0
75 294 0
76 334 0
76 327 0
76 329 0
76 303 0
76 335 0
77 336 0
77 335 0
77 329 0
77 337 0
78 338 0
78 339 0
78 340 -200
79 341 0
79 342 0
79 337 0
79 335 0
79 343 0
80 344 0
80 345 0
80 346 0
80 347 0
81 348 0
81 346 0
81 349 0
81 350 0
82 349 0
82 348 0
82 351 0
82 352 0
83 351 0
83 349 0
83 353 0
84 354 0
84 340 -200
84 355 0
84 339 0
84 356 0
85 357 0
85 358 0
85 359 0
85 360 0
85 361 0
86 362 0
86 347 0
86 350 0
86 346 0
86 363 0
87 352 0
87 350 0
87 353 0
87 349 0
87 364 0
88 365 0
88 356 0
88 366 0
88 355 0
88 367 0
89 368 0
89 366 0
89 369 0
89 370 0
89 371 0
90 372 0
90 363 0
90 364 0
90 350 0
90 373 0
91 374 0
91 364 0
91 353 0
91 375 0
92 376 0
92 377 0
92 367 0
92 356 0
92 378 0
93 379 0
93 367 0
93 371 0
93 366 0
93 380 0
94 381 0
94 380 0
94 382 0
94 371 0
94 383 0
95 384 0
95 385 0
95 386 0
96 387 0
96 388 0
96 375 0
96 389 0
97 390 0
97 383 0
97 391 0
97 382 0
97 392 0
98 393 0
98 394 0
98 395 0
98 396 0
99 394 0
99 393 0
99 397 0
99 398 0
99 399 0
100 400 0
100 401 0
100 402 0
100 403 0
100 404 0
101 405 0
101 406 0
101 407 0
101 408 0
101 409 0
102 410 0
102 411 0
102 412 0
102 413 0
102 414 0
103 415 0
103 416 0
103 417 0
104 418 0
104 419 0
104 404 0
104 401 0
104 420 0
105 421 0
105 404 0
105 422 0
105 402 0
105 423 0
106 424 0
106 414 0
106 411 0
106 425 0
107 426 0
107 417 0
107 427 0
107 416 0
107 428 0
108 429 0
108 430 0
108 420 0
108 419 0
108 431 0
109 432 0
109 420 0
109 423 0
109 404 0
109 433 0
110 434 0
110 435 0
110 436 0
111 437 0
111 425 0
111 438 0
111 414 0
111 439 0
112 440 0
112 441 0
112 442 0
113 443 0
113 428 0
113 444 0
113 427 0
113 445 0
114 446 0
114 447 0
114 431 0
114 430 0
114 448 0
115 449 0
115 431 0
115 433 0
115 420 0
115 450 0
116 451 0
116 452 0
116 435 0
117 453 0
117 439 0
117 425 0
117 454 0
118 455 0
118 442 0
118 456 0
119 457 0
119 442 0
119 458 0
119 441 0
119 459 0
120 460 0
120 445 0
120 461 0
120 444 0
120 462 0
121 463 0
121 448 0
121 450 0
121 431 0
121 464 0
122 465 0
122 466 0
122 452 0
123 467 0
123 454 0
123 439 0
124 468 0
124 456 0
124 469 0
125 470 0
125 456 0
125 459 0
125 442 0
125 471 0
126 472 0
126 459 0
126 473 0
126 458 0
126 474 0
127 475 0
127 462 0
127 476 0
127 461 0
127 477 0
128 478 0
128 479 0
128 466 0
129 480 0
129 454 0
130 481 0
130 469 0
130 471 0
130 456 0
131 482 0
131 471 0
131 474 0
131 459 0
132 483 0
132 474 0
132 484 0
132 473 0
133 485 0
133 477 0
133 486 0
133 476 0
134 487 0
134 488 0
134 489 0
134 490 0
135 489 0
135 487 0
135 491 0
135 464 0
136 492 0
136 493 0
136 494 0
136 495 0
137 496 0
137 479 0
497 635 0
497 636 0
498 637 0
498 638 0
498 639 0
498 640 0
499 641 0
499 642 0
500 643 0
500 644 0
500 636 0
501 645 0
501 646 0
501 647 0
501 648 0
501 649 0
502 650 0
502 647 0
502 651 0
502 652 0
502 653 0
503 651 0
503 650 0
503 654 0
503 655 0
503 656 0
504 657 0
504 658 0
504 659 0
504 660 0
504 661 0
505 659 0
505 657 0
505 662 0
505 663 0
505 664 0
506 665 0
506 662 0
506 666 0
506 667 0
506 668 0
507 669 0
507 666 0
507 670 0
507 671 0
507 672 0
508 670 0
508 669 0
508 673 0
508 674 0
508 675 0
509 676 0
509 673 0
509 640 0
509 638 0
509 677 0
510 678 0
510 640 0
510 639 0
511 679 0
511 680 0
512 681 0
512 682 0
512 644 0
513 683 0
513 677 0
513 640 0
514 684 0
514 685 0
514 686 0
514 687 0
514 688 0
515 686 0
515 684 0
515 689 0
515 690 0
515 691 0
516 689 0
516 686 0
516 692 0
516 649 0
516 693 0
517 694 0
517 695 0
517 696 0
517 697 0
517 698 0
518 691 0
518 688 0
518 693 0
518 686 0
518 699 0
519 700 0
519 693 0
519 701 0
519 692 0
519 702 0
520 703 0
520 704 0
520 705 0
520 706 0
520 707 0
521 708 0
521 709 0
521 699 0
521 688 0
521 710 0
522 711 0
522 699 0
522 702 0
522 693 0
522 712 0
523 713 0
523 702 0
523 714 0
523 701 0
523 715 0
524 716 0
524 717 0
524 718 0
524 698 0
524 719 0
525 720 0
525 721 0
525 707 0
525 704 0
525 722 0
526 723 0
526 707 0
526 705 0
526 724 0
527 725 0
527 726 0
527 727 0
527 728 0
528 729 0
528 710 0
528 712 0
528 699 0
528 730 0
529 731 0
529 712 0
529 715 0
529 702 0
529 732 0
530 733 0
530 722 0
530 724 0
530 707 0
530 734 0
531 735 0
531 730 0
531 732 0
531 712 0
531 736 0
532 737 0
532 734 0
532 724 0
532 738 0
533 739 0
533 740 0
533 728 0
533 741 0
534 742 0
534 743 0
534 744 0
534 745 0
534 746 0
535 747 0
535 748 0
535 749 0
536 750 0
536 741 0
536 751 0
536 740 0
536 752 0
537 753 0
537 749 0
537 754 0
538 755 0
538 749 0
538 756 0
538 748 0
538 757 0
539 758 0
539 759 0
539 760 0
539 761 0
539 762 0
540 763 0
540 754 0
540 764 0
541 765 0
541 754 0
541 757 0
541 749 0
541 766 0
542 767 0
542 757 0
542 768 0
542 756 0
542 769 0
543 770 0
543 771 0
543 772 0
543 773 0
544 771 0
544 770 0
544 774 0
544 752 0
544 775 0
545 774 0
545 771 0
545 762 0
545 759 0
545 776 0
546 762 0
546 774 0
546 777 0
546 758 0
546 778 0
547 779 0
547 780 0
547 781 0
547 782 0
548 783 0
548 764 0
548 784 0
549 785 0
549 764 0
549 766 0
549 754 0
549 786 0
550 787 0
550 766 0
550 769 0
550 757 0
550 788 0
551 789 0
551 769 0
551 790 0
551 768 0
551 791 0
552 773 0
552 775 0
552 770 0
552 792 0
553 775 0
553 773 0
553 776 0
553 771 0
553 793 0
554 776 0
554 775 0
554 778 0
554 774 0
554 794 0
555 795 0
555 778 0
555 796 0
555 777 0
555 797 0
556 798 0
556 799 0
556 782 0
556 780 0
556 800 0
557 801 0
557 782 0
557 784 0
557 802 0
558 803 0
558 784 0
558 786 0
558 764 0
558 804 0
559 805 0
559 786 0
559 788 0
559 766 0
559 806 0
560 807 0
560 788 0
560 791 0
560 769 0
560 808 0
561 809 0
561 791 0
561 810 0
561 790 0
561 811 0
562 812 0
562 810 0
562 813 0
562 814 0
562 815 0
563 793 0
563 792 0
563 794 0
563 775 0
564 816 0
564 794 0
564 797 0
564 778 0
565 817 0
565 797 0
565 818 0
565 796 0
566 819 0
566 818 0
566 820 0
566 821 0
567 822 0
567 823 0
567 800 0
567 799 0
567 824 0
568 825 0
568 800 0
568 802 0
568 782 0
568 826 0
569 827 0
569 802 0
569 804 0
569 784 0
570 828 0
570 804 0
570 806 0
570 786 0
571 829 0
571 806 0
571 808 0
571 788 0
572 830 0
572 808 0
572 811 0
572 791 0
573 831 0
573 824 0
573 826 0
573 800 0
573 832 0
574 833 0
574 832 0
574 826 0
574 834 0
575 835 0
575 836 0
575 837 -200
576 838 0
576 839 0
576 834 0
576 832 0
576 840 0
577 841 0
577 842 0
577 843 0
577 844 0
578 845 0
578 843 0
578 846 0
578 847 0
579 846 0
579 845 0
579 848 0
579 849 0
580 848 0
580 846 0
580 850 0
581 851 0
581 837 -200
581 852 0
581 836 0
581 853 0
582 854 0
582 855 0
582 856 0
582 857 0
582 858 0
583 859 0
583 844 0
583 847 0
583 843 0
583 860 0
584 849 0
584 847 0
584 850 0
584 846 0
584 861 0
585 862 0
585 853 0
585 863 0
585 852 0
585 864 0
586 865 0
586 863 0
586 866 0
586 867 0
586 868 0
587 869 0
587 860 0
587 861 0
587 847 0
587 870 0
588 871 0
588 861 0
588 850 0
588 872 0
589 873 0
589 874 0
589 864 0
589 853 0
589 875 0
590 876 0
590 864 0
590 868 0
590 863 0
590 877 0
591 878 0
591 877 0
591 879 0
591 868 0
591 880 0
592 881 0
592 882 0
592 883 0
593 884 0
593 885 0
593 872 0
593 886 0
594 887 0
594 880 0
594 888 0
594 879 0
594 889 0
595 890 0
595 891 0
595 892 0
595 893 0
596 891 0
596 890 0
596 894 0
596 895 0
596 896 0
597 897 0
597 898 0
597 899 0
597 900 0
597 901 0
598 902 0
598 903 0
598 904 0
598 905 0
598 906 0
599 907 0
599 908 0
599 909 0
599 910 0
599 911 0
600 912 0
600 913 0
600 914 0
601 915 0
601 916 0
601 901 0
601 898 0
601 917 0
602 918 0
602 901 0
602 919 0
602 899 0
602 920 0
603 921 0
603 911 0
603 908 0
603 922 0
604 923 0
604 914 0
604 924 0
604 913 0
604 925 0
605 926 0
605 927 0
605 917 0
605 916 0
605 928 0
606 929 0
606 917 0
606 920 0
606 901 0
606 930 0
607 931 0
607 932 0
607 933 0
608 934 0
608 922 0
608 935 0
608 911 0
608 936 0
609 937 0
609 938 0
609 939 0
610 940 0
610 925 0
610 941 0
610 924 0
610 942 0
611 943 0
611 944 0
611 928 0
611 927 0
611 945 0
612 946 0
612 928 0
612 930 0
612 917 0
612 947 0
613 948 0
613 949 0
613 932 0
614 950 0
614 936 0
614 922 0
614 951 0
615 952 0
615 939 0
615 953 0
616 954 0
616 939 0
616 955 0
616 938 0
616 956 0
617 957 0
617 942 0
617 958 0
617 941 0
617 959 0
618 960 0
618 945 0
618 947 0
618 928 0
618 961 0
619 962 0
619 963 0
619 949 0
620 964 0
620 951 0
620 936 0
621 965 0
621 953 0
621 966 0
622 967 0
622 953 0
622 956 0
622 939 0
622 968 0
623 969 0
623 956 0
623 970 0
623 955 0
623 971 0
624 972 0
624 959 0
624 973 0
624 958 0
624 974 0
625 975 0
625 976 0
625 963 0
626 977 0
626 951 0
627 978 0
627 966 0
627 968 0
627 953 0
628 979 0
628 968 0
628 971 0
628 956 0
629 980 0
629 971 0
629 981 0
629 970 0
630 982 0
630 974 0
630 983 0
630 973 0
631 984 0
631 985 0
631 986 0
631 987 0
632 986 0
632 984 0
632 988 0
632 961 0
633 989 0
633 990 0
633 991 0
633 992 0
634 993 0
634 976 0
0 497 0
1 498 0
2 499 0
3 500 0
4 501 0
5 502 0
6 503 0
7 504 0
8 505 0
9 506 0
10 507 0
11 508 0
12 509 0
13 510 0
14 511 0
15 512 0
16 513 0
17 514 0
18 515 0
19 516 0
20 517 0
21 518 0
22 519 0
23 520 0
24 521 0
25 522 0
26 523 0
27 524 0
28 525 0
29 526 0
30 527 0
31 528 0
32 529 0
33 530 0
34 531 0
35 532 0
36 533 0
37 534 0
38 535 0
39 536 0
40 537 0
41 538 0
42 539 0
43 540 0
44 541 0
45 542 0
46 543 0
47 544 0
48 545 0
49 546 0
50 547 0
51 548 0
52 549 0
53 550 0
54 551 0
55 552 0
56 553 0
57 554 0
58 555 0
59 556 0
60 557 0
61 558 0
62 559 0
63 560 0
64 561 0
65 562 0
66 563 0
67 564 0
68 565 0
69 566 0
70 567 0
71 568 0
72 569 0
73 570 0
74 571 0
75 572 0
76 573 0
77 574 0
78 575 0
79 576 0
80 577 0
81 578 0
82 579 0
83 580 0
84 581 0
85 582 0
86 583 0
87 584 0
88 585 0
89 586 0
90 587 0
91 588 0
92 589 0
93 590 0
94 591 0
95 592 0
96 593 0
97 594 0
98 595 0
99 596 0
100 597 0
101 598 0
102 599 0
103 600 0
104 601 0
105 602 0
106 603 0
107 604 0
108 605 0
109 606 0
110 607 0
111 608 0
112 609 0
113 610 0
114 611 0
115 612 0
116 613 0
117 614 0
118 615 0
119 616 0
120 617 0
121 618 0
122 619 0
123 620 0
124 621 0
125 622 0
126 623 0
127 624 0
128 625 0
129 626 0
130 627 0
131 628 0
132 629 0
133 630 0
134 631 0
135 632 0
136 633 0
137 634 0
138 635 0
139 636 0
140 637 0
141 638 0
142 639 0
143 640 0
144 641 0
145 642 0
146 643 0
147 644 0
148 645 0
149 646 0
150 647 0
151 648 0
152 649 0
153 650 0
154 651 0
155 652 0
156 653 0
157 654 0
158 655 0
159 656 0
160 657 0
161 658 0
162 659 0
163 660 0
164 661 0
165 662 0
166 663 0
167 664 0
168 665 0
169 666 0
170 667 0
171 668 0
172 669 0
173 670 0
174 671 0
175 672 0
176 673 0
177 674 0
178 675 0
179 676 0
180 677 0
181 678 0
182 679 0
183 680 0
184 681 0
185 682 0
186 683 0
187 684 0
188 685 0
189 686 0
190 687 0
191 688 0
192 689 0
193 690 0
194 691 0
195 692 0
196 693 0
197 694 0
198 695 0
199 696 0
200 697 0
201 698 0
202 699 0
203 700 0
204 701 0
205 702 0
206 703 0
207 704 0
208 705 0
209 706 0
210 707 0
211 708 0
212 709 0
213 710 0
214 711 0
215 712 0
216 713 0
217 714 0
218 715 0
219 716 0
220 717 0
221 718 0
222 719 0
223 720 0
224 721 0
225 722 0
226 723 0
227 724 0
228 725 0
229 726 0
230 727 0
231 728 0
232 729 0
233 730 0
234 731 0
235 732 0
236 733 0
237 734 0
238 735 0
239 736 0
240 737 0
241 738 0
242 739 0
243 740 0
244 741 0
245 742 0
246 743 0
247 744 0
248 745 0
249 746 0
250 747 0
251 748 0
252 749 0
253 750 0
254 751 0
255 752 0
256 753 0
257 754 0
258 755 0
259 756 0
260 757 0
261 758 0
262 759 0
263 760 0
264 761 0
265 762 0
266 763 0
267 764 0
268 765 0
269 766 0
270 767 0
271 768 0
272 769 0
273 770 0
274 771 0
275 772 0
276 773 0
277 774 0
278 775 0
279 776 0
280 777 0
281 778 0
282 779 0
283 780 0
284 781 0
285 782 0
286 783 0
287 784 0
288 785 0
289 786 0
290 787 0
291 788 0
292 789 0
293 790 0
294 791 0
295 792 0
296 793 0
297 794 0
298 795 0
299 796 0
300 797 0
301 798 0
302 799 0
303 800 0
304 801 0
305 802 0
306 803 0
307 804 0
308 805 0
309 806 0
310 807 0
311 808 0
312 809 0
313 810 0
314 811 0
315 812 0
316 813 0
317 814 0
318 815 0
319 816 0
320 817 0
321 818 0
322 819 0
323 820 0
324 821 0
325 822 0
326 823 0
327 824 0
328 825 0
329 826 0
330 827 0
331 828 0
332 829 0
333 830 0
334 831 0
335 832 0
336 833 0
337 834 0
338 835 0
339 836 0
340 837 0
341 838 0
342 839 0
343 840 0
344 841 0
345 842 0
346 843 0
347 844 0
348 845 0
349 846 0
350 847 0
351 848 0
352 849 0
353 850 0
354 851 0
355 852 0
356 853 0
357 854 0
358 855 0
359 856 0
360 857 0
361 858 0
362 859 0
363 860 0
364 861 0
365 862 0
366 863 0
367 864 0
368 865 0
369 866 0
370 867 0
371 868 0
372 869 0
373 870 0
374 871 0
375 872 0
376 873 0
377 874 0
378 875 0
379 876 0
380 877 0
381 878 0
382 879 0
383 880 0
384 881 0
385 882 0
386 883 0
387 884 0
388 885 0
389 886 0
390 887 0
391 888 0
392 889 0
393 890 0
394 891 0
395 892 0
396 893 0
397 894 0
398 895 0
399 896 0
400 897 0
401 898 0
402 899 0
403 900 0
404 901 0
405 902 0
406 903 0
407 904 0
408 905 0
409 906 0
410 907 0
411 908 0
412 909 0
413 910 0
414 911 0
415 912 0
416 913 0
417 914 0
418 915 0
419 916 0
420 917 0
421 918 0
422 919 0
423 920 0
424 921 0
425 922 0
426 923 0
427 924 0
428 925 0
429 926 0
430 927 0
431 928 0
432 929 0
433 930 0
434 931 0
435 932 0
436 933 0
437 934 0
438 935 0
439 936 0
440 937 0
441 938 0
442 939 0
443 940 0
444 941 0
445 942 0
446 943 0
447 944 0
448 945 0
449 946 0
450 947 0
451 948 0
452 949 0
453 950 0
454 951 0
455 952 0
456 953 0
457 954 0
458 955 0
459 956 0
460 957 0
461 958 0
462 959 0
463 960 0
464 961 0
465 962 0
466 963 0
467 964 0
468 965 0
469 966 0
470 967 0
471 968 0
472 969 0
473 970 0
474 971 0
475 972 0
476 973 0
477 974 0
478 975 0
479 976 0
480 977 0
481 978 0
482 979 0
483 980 0
484 981 0
485 982 0
486 983 0
487 984 0
488 985 0
489 986 0
490 987 0
491 988 0
492 989 0
493 990 0
494 991 0
495 992 0
496 993 0
