260 482
0 38 -1
0 39 -19
0 40 -19
0 41 -14
0 42 -18
1 43 -1
1 40 -15
1 44 -13
1 45 -10
1 46 -16
2 47 -1
2 48 -15
2 49 -16
2 50 -14
2 51 -15
3 52 -1
3 51 -16
3 48 -16
3 53 -14
4 54 -1
4 51 -19
4 55 -17
4 49 -16
4 56 -11
5 57 -1
5 53 -14
5 56 -18
5 51 -18
5 58 -12
6 59 -1
6 56 -14
6 60 -10
6 55 -10
6 61 -14
7 62 -1
7 58 -16
7 53 -17
7 63 -13
8 64 -1
8 58 -13
8 61 -16
8 56 -12
8 65 -10
9 66 -1
9 61 -14
9 67 -10
9 60 -15
9 68 -16
10 69 -1
10 65 -16
10 68 -13
10 61 -14
10 70 -13
11 71 -1
11 68 -10
11 72 -12
11 67 -19
11 73 -15
12 74 -1
12 75 -13
12 63 -19
12 76 -11
13 77 -1
13 75 -14
13 70 -13
13 65 -12
13 78 -14
14 79 -1
14 73 -16
14 80 -16
14 72 -15
14 81 -18
15 82 -1
15 76 -12
15 78 -13
15 75 -15
15 83 -15
16 84 -1
16 81 -17
16 85 -13
16 80 -10
16 86 -19
17 87 -1
17 83 -17
17 76 -12
17 88 -14
18 89 -1
18 83 -15
18 90 -18
18 78 -19
18 91 -10
19 92 -1
19 90 -13
19 93 -10
19 94 -12
19 95 -13
20 96 -1
20 93 -15
20 86 -16
20 81 -14
20 97 -18
21 98 -1
21 86 -12
21 99 -17
21 85 -12
21 100 -19
22 101 -1
22 88 -15
22 91 -10
22 83 -16
23 102 -1
23 91 -14
23 95 -13
23 90 -19
23 103 -19
24 104 -1
24 95 -10
24 97 -18
24 93 -13
24 105 -10
25 106 -1
25 97 -17
25 100 -12
25 86 -14
25 107 -14
26 108 -1
26 100 -18
26 109 -13
26 99 -13
26 110 -10
27 111 -1
27 88 -16
27 112 -13
28 113 -1
28 103 -14
28 91 -11
28 114 -18
29 115 -1
29 103 -12
29 105 -15
29 95 -19
29 116 -15
30 117 -1
30 105 -15
30 107 -11
30 97 -16
30 118 -10
31 119 -1
31 107 -14
31 110 -12
31 100 -16
31 120 -17
32 121 -1
32 110 -11
32 122 -18
32 109 -17
32 123 -10
33 124 -1
33 112 -11
33 114 -10
34 125 -1
34 114 -19
34 116 -15
34 103 -14
35 126 -1
35 116 -13
35 118 -15
35 105 -19
36 127 -1
36 118 -17
36 120 -15
36 107 -18
37 128 -1
37 123 -10
37 129 -10
37 122 -19
130 168 -1
130 169 -19
130 170 -19
130 171 -14
130 172 -18
131 173 -1
131 170 -15
131 174 -13
131 175 -10
131 176 -16
132 177 -1
132 178 -15
132 179 -16
132 180 -14
132 181 -15
133 182 -1
133 181 -16
133 178 -16
133 183 -14
134 184 -1
134 181 -19
134 185 -17
134 179 -16
134 186 -11
135 187 -1
135 183 -14
135 186 -18
135 181 -18
135 188 -12
136 189 -1
136 186 -14
136 190 -10
136 185 -10
136 191 -14
137 192 -1
137 188 -16
137 183 -17
137 193 -13
138 194 -1
138 188 -13
138 191 -16
138 186 -12
138 195 -10
139 196 -1
139 191 -14
139 197 -10
139 190 -15
139 198 -16
140 199 -1
140 195 -16
140 198 -13
140 191 -14
140 200 -13
141 201 -1
141 198 -10
141 202 -12
141 197 -19
141 203 -15
142 204 -1
142 205 -13
142 193 -19
142 206 -11
143 207 -1
143 205 -14
143 200 -13
143 195 -12
143 208 -14
144 209 -1
144 203 -16
144 210 -16
144 202 -15
144 211 -18
145 212 -1
145 206 -12
145 208 -13
145 205 -15
145 213 -15
146 214 -1
146 211 -17
146 215 -13
146 210 -10
146 216 -19
147 217 -1
147 213 -17
147 206 -12
147 218 -14
148 219 -1
148 213 -15
148 220 -18
148 208 -19
148 221 -10
149 222 -1
149 220 -13
149 223 -10
149 224 -12
149 225 -13
150 226 -1
150 223 -15
150 216 -16
150 211 -14
150 227 -18
151 228 -1
151 216 -12
151 229 -17
151 215 -12
151 230 -19
152 231 -1
152 218 -15
152 221 -10
152 213 -16
153 232 -1
153 221 -14
153 225 -13
153 220 -19
153 233 -19
154 234 -1
154 225 -10
154 227 -18
154 223 -13
154 235 -10
155 236 -1
155 227 -17
155 230 -12
155 216 -14
155 237 -14
156 238 -1
156 230 -18
156 239 -13
156 229 -13
156 240 -10
157 241 -1
157 218 -16
157 242 -13
158 243 -1
158 233 -14
158 221 -11
158 244 -18
159 245 -1
159 233 -12
159 235 -15
159 225 -19
159 246 -15
160 247 -1
160 235 -15
160 237 -11
160 227 -16
160 248 -10
161 249 -1
161 237 -14
161 240 -12
161 230 -16
161 250 -17
162 251 -1
162 240 -11
162 252 -18
162 239 -17
162 253 -10
163 254 -1
163 242 -11
163 244 -10
164 255 -1
164 244 -19
164 246 -15
164 233 -14
165 256 -1
165 246 -13
165 248 -15
165 235 -19
166 257 -1
166 248 -17
166 250 -15
166 237 -18
167 258 -1
167 253 -10
167 259 -10
167 252 -19
0 130 0
1 131 0
2 132 0
3 133 0
4 134 0
5 135 0
6 136 0
7 137 0
8 138 0
9 139 0
10 140 0
11 141 0
12 142 0
13 143 0
14 144 0
15 145 0
16 146 0
17 147 0
18 148 0
19 149 0
20 150 0
21 151 0
22 152 0
23 153 0
24 154 0
25 155 0
26 156 0
27 157 0
28 158 0
29 159 0
30 160 0
31 161 0
32 162 0
33 163 0
34 164 0
35 165 0
36 166 0
37 167 0
38 168 0
39 169 0
40 170 0
41 171 0
42 172 0
43 173 0
44 174 0
45 175 0
46 176 0
47 177 0
48 178 0
49 179 0
50 180 0
51 181 0
52 182 0
53 183 0
54 184 0
55 185 0
56 186 0
57 187 0
58 188 0
59 189 0
60 190 0
61 191 0
62 192 0
63 193 0
64 194 0
65 195 0
66 196 0
67 197 0
68 198 0
69 199 0
70 200 0
71 201 0
72 202 0
73 203 0
74 204 0
75 205 0
76 206 0
77 207 0
78 208 0
79 209 0
80 210 0
81 211 0
82 212 0
83 213 0
84 214 0
85 215 0
86 216 0
87 217 0
88 218 0
89 219 0
90 220 0
91 221 0
92 222 0
93 223 0
94 224 0
95 225 0
96 226 0
97 227 0
98 228 0
99 229 0
100 230 0
101 231 0
102 232 0
103 233 0
104 234 0
105 235 0
106 236 0
107 237 0
108 238 0
109 239 0
110 240 0
111 241 0
112 242 0
113 243 0
114 244 0
115 245 0
116 246 0
117 247 0
118 248 0
119 249 0
120 250 0
121 251 0
122 252 0
123 253 0
124 254 0
125 255 0
126 256 0
127 257 0
128 258 0
129 259 0
