1478 2787
0 224 -1
0 225 -50
0 226 -52
1 227 0
1 228 -49
1 229 -47
1 230 -49
2 231 -14
2 232 -262
2 233 -266
2 234 -262
2 235 -66
3 236 -17
3 235 -66
3 237 0
3 233 -266
3 238 -68
4 237 -16
4 236 0
4 239 -65
4 240 -64
4 241 0
5 242 -14
5 243 -64
5 244 -63
5 245 0
5 246 0
6 247 -21
6 248 -271
6 249 -75
7 241 -16
7 238 -68
7 250 -66
7 237 0
7 251 0
8 252 -15
8 253 -65
8 254 -65
8 255 -64
8 256 -65
9 257 -15
9 254 -65
9 258 -65
9 259 -64
9 260 0
10 246 -15
10 258 -65
10 261 -64
10 242 0
10 262 0
11 263 -4
11 264 -55
11 265 -53
11 266 -53
11 267 -55
12 268 -25
12 249 -75
12 248 -271
12 269 -75
13 270 -7
13 271 -58
13 272 -257
13 273 -57
14 251 -16
14 274 -65
14 241 0
15 275 -15
15 274 -65
15 256 -65
15 253 -65
15 276 -65
16 260 -15
16 277 -65
16 278 -65
16 257 0
16 279 -65
17 262 -16
17 278 -65
17 280 -65
17 246 0
17 281 0
18 282 -6
18 267 -55
18 264 -55
18 283 -58
19 284 -4
19 267 -55
19 285 -53
19 265 -53
19 286 -55
20 287 -25
20 288 -74
20 269 -75
20 249 -75
20 289 0
21 290 -10
21 291 -59
21 292 -60
21 293 -60
21 294 -60
22 295 -15
22 276 -65
22 274 -65
23 296 -16
23 279 -65
23 281 0
23 278 -65
23 297 0
24 281 -17
24 296 0
24 298 0
24 262 0
24 299 -68
25 298 -15
25 281 0
25 280 -65
25 300 -66
26 301 -7
26 283 -58
26 286 -55
26 267 -55
26 302 -58
27 303 -4
27 286 -55
27 304 -53
27 285 -53
27 305 -55
28 306 -20
28 307 -69
28 308 -72
28 309 -71
28 310 -70
29 289 -23
29 308 -72
29 311 0
29 287 0
29 312 -72
30 311 -23
30 289 0
30 269 -75
30 313 -72
31 314 -10
31 294 -60
31 315 -60
31 292 -60
31 316 -60
32 317 -15
32 318 -65
32 319 -65
32 320 -65
32 321 -65
33 297 -17
33 322 -66
33 299 -68
33 296 0
33 323 -68
34 324 -9
34 302 -58
34 283 -58
34 325 0
35 326 -7
35 302 -58
35 305 -55
35 286 -55
35 327 -58
36 328 -21
36 310 -70
36 312 -72
36 308 -72
36 329 -71
37 330 -11
37 316 -60
37 331 -61
37 315 -60
37 332 0
38 333 -17
38 334 -66
38 323 -68
38 322 -66
38 335 0
39 336 -19
39 323 -68
39 337 -67
39 299 -68
39 338 -70
40 325 -11
40 339 -60
40 324 0
40 340 -63
41 341 -7
41 327 -58
41 342 -55
41 305 -55
41 343 -58
42 344 -22
42 345 -72
42 313 -72
42 346 0
43 332 -11
43 347 -61
43 348 0
43 330 0
43 349 0
44 348 -12
44 332 0
44 350 -63
44 331 -61
44 351 -63
45 352 -17
45 335 0
45 334 -66
46 335 -18
46 352 0
46 353 0
46 333 0
46 354 -69
47 353 -19
47 335 0
47 338 -70
47 323 -68
47 355 -70
48 356 -18
48 338 -70
48 337 -67
48 357 -70
49 358 -12
49 340 -63
49 359 0
49 339 -60
49 360 -64
50 359 -10
50 358 0
50 343 -58
50 327 -58
50 361 0
51 362 -7
51 343 -58
51 342 -55
52 363 -16
52 364 -66
52 365 -66
53 366 -19
53 367 -68
53 368 -70
53 329 -71
53 369 -68
54 346 -20
54 368 -70
54 344 0
54 370 -68
55 371 -11
55 372 -61
55 349 0
55 347 -61
55 373 0
56 349 -12
56 371 0
56 351 -63
56 332 0
56 374 -63
57 375 -14
57 351 -63
57 376 -65
57 350 -63
57 377 0
58 378 -21
58 355 -70
58 357 -70
58 338 -70
58 379 -73
59 380 -14
59 360 -64
59 340 -63
59 381 -66
60 361 -12
60 360 -64
60 382 -60
60 359 0
60 383 -64
61 384 -16
61 365 -66
61 385 -66
62 386 -16
62 387 -66
62 388 -66
62 389 -66
62 390 0
63 391 -17
63 388 -66
63 369 -68
63 367 -68
63 392 -66
64 393 -18
64 369 -68
64 370 -68
64 368 -70
64 394 -67
65 395 -10
65 396 -59
65 397 -61
65 398 -59
65 399 0
66 373 -12
66 397 -61
66 374 -63
66 371 0
66 400 0
67 377 -15
67 401 -64
67 402 0
67 375 0
67 403 -66
68 402 -16
68 377 0
68 404 -67
68 376 -65
68 405 -67
69 406 -21
69 379 -73
69 355 -70
70 407 -21
70 379 -73
70 357 -70
70 408 -73
71 409 -16
71 381 -66
71 383 -64
71 360 -64
71 410 -68
72 411 -16
72 385 -66
72 412 -67
73 413 -16
73 385 -66
73 414 -66
73 365 -66
73 415 0
74 390 -16
74 414 -66
74 416 -66
74 386 0
74 417 0
75 418 -17
75 392 -66
75 394 -67
75 369 -68
75 419 -66
76 399 -10
76 420 -59
76 421 -62
76 395 0
76 422 -61
77 400 -13
77 421 -62
77 423 -64
77 373 0
77 424 -64
78 425 -15
78 423 -64
78 403 -66
78 401 -64
78 426 -66
79 427 -19
79 405 -67
79 428 -70
79 404 -67
79 429 -70
80 430 -19
80 410 -68
80 381 -66
80 431 -71
81 432 -16
81 412 -67
81 415 0
81 385 -66
81 433 0
82 415 -16
82 432 0
82 434 -66
82 413 0
82 435 -66
83 417 -16
83 434 -66
83 436 -66
83 390 0
83 437 0
84 438 -16
84 436 -66
84 419 -66
84 392 -66
84 439 -66
85 440 -16
85 419 -66
85 441 -66
85 394 -67
85 442 0
86 443 -9
86 444 0
86 445 -58
86 446 -59
87 447 -17
87 426 -66
87 448 0
87 403 -66
87 449 0
88 448 -19
88 447 0
88 429 -70
88 405 -67
88 450 -69
89 451 -24
89 452 -72
89 453 0
89 454 -75
90 453 -26
90 451 0
90 455 0
90 456 -75
90 457 -77
91 455 -25
91 453 0
91 458 -73
91 408 -73
91 459 0
92 460 -22
92 458 -73
92 431 -71
92 461 -72
93 462 -20
93 431 -71
93 463 -69
93 410 -68
93 464 -70
94 465 -18
94 463 -69
94 466 -67
94 467 -67
94 468 -68
95 433 -17
95 466 -67
95 435 -66
95 432 0
95 469 -66
96 470 -16
96 435 -66
96 437 0
96 434 -66
96 471 -65
97 437 -16
97 470 0
97 472 -66
97 417 0
97 473 -65
98 474 -16
98 439 -66
98 442 0
98 419 -66
98 475 -65
99 476 -10
99 446 -59
99 477 -61
99 444 0
100 478 -13
100 477 -61
100 479 0
100 480 -63
101 479 -14
101 478 0
101 481 0
101 424 -64
102 481 -15
102 479 0
102 482 0
102 483 -65
103 482 -16
103 481 0
103 449 0
103 426 -66
104 449 -18
104 482 0
104 450 -69
104 447 0
105 484 -21
105 450 -69
105 485 0
105 429 -70
106 485 -23
106 484 0
106 454 -75
106 452 -72
107 459 -25
107 457 -77
107 486 -74
107 455 0
107 487 0
108 488 -21
108 461 -72
108 464 -70
108 431 -71
108 489 -72
109 490 -19
109 464 -70
109 468 -68
109 463 -69
110 491 -17
110 468 -68
110 469 -66
110 466 -67
111 492 -16
111 469 -66
111 471 -65
111 435 -66
112 493 -28
112 487 0
112 457 -77
112 494 -79
113 487 -26
113 493 0
113 495 -75
113 459 0
113 496 -77
114 497 -23
114 495 -75
114 489 -72
114 461 -72
114 498 -74
115 499 -20
115 489 -72
115 464 -70
115 500 -71
116 501 -25
116 496 -77
116 498 -74
116 495 -75
116 502 -77
117 503 -22
117 498 -74
117 500 -71
117 489 -72
117 504 -73
118 505 -7
118 506 -55
118 507 0
118 508 0
119 507 -8
119 505 0
119 509 0
119 510 -59
120 509 -10
120 507 0
120 511 -62
120 512 -61
121 513 -13
121 511 -62
121 514 0
121 515 -64
122 514 -15
122 513 0
122 516 -68
122 517 -66
123 518 -20
123 516 -68
123 519 -72
123 520 0
124 521 -28
124 522 -75
124 523 0
124 524 -79
125 523 -31
125 521 0
125 525 0
125 494 -79
125 526 -82
126 525 -28
126 523 0
126 502 -77
126 496 -77
126 527 -80
127 528 -25
127 502 -77
127 504 -73
127 498 -74
127 529 -76
128 530 -22
128 504 -73
128 531 -69
128 500 -71
128 532 -73
129 533 -17
129 531 -69
129 534 -65
129 535 -68
130 536 -11
130 537 -63
130 538 0
130 539 -62
131 538 -10
131 536 0
131 540 -58
131 541 -60
132 542 -7
132 540 -58
132 543 -55
132 544 -57
133 545 -4
133 543 -55
133 546 -52
133 547 -54
134 548 -1
134 546 -52
134 549 -52
135 508 0
135 550 -56
135 510 -59
135 505 0
135 551 0
136 552 -12
136 512 -61
136 515 -64
136 511 -62
136 553 0
137 554 -19
137 517 -66
137 520 0
137 516 -68
137 555 -66
138 520 -21
138 554 0
138 556 -73
138 518 0
138 557 0
139 558 -26
139 556 -73
139 524 -79
139 522 -75
139 559 -73
140 560 -28
140 527 -80
140 529 -76
140 502 -77
141 561 -24
141 529 -76
141 532 -73
141 504 -73
141 562 -72
142 563 -20
142 532 -73
142 535 -68
142 531 -69
143 564 -16
143 535 -68
143 565 0
143 534 -65
143 566 0
144 565 -14
144 564 0
144 539 -62
144 537 -63
144 567 -62
145 568 -9
145 541 -60
145 544 -57
145 540 -58
145 569 -57
146 570 -6
146 544 -57
146 547 -54
146 543 -55
146 571 -54
147 572 0
147 547 -54
147 549 -52
147 546 -52
147 573 0
148 551 -6
148 574 -54
148 575 -57
148 508 0
148 576 -54
149 553 -11
149 577 -59
149 578 0
149 552 0
149 579 0
150 578 -12
150 553 0
150 580 -64
150 515 -64
150 581 -61
151 557 -19
151 555 -66
151 582 0
151 520 0
151 583 -66
152 582 -21
152 557 0
152 559 -73
152 556 -73
152 584 0
153 585 -34
153 586 0
153 526 -82
153 587 -86
154 586 -32
154 585 0
154 527 -80
154 588 -83
155 589 -16
155 566 0
155 535 -68
156 566 -14
156 589 0
156 567 -62
156 564 0
156 590 -62
157 591 -9
157 592 -60
157 569 -57
157 541 -60
157 593 0
158 594 -6
158 569 -57
158 571 -54
158 544 -57
158 595 -54
159 596 -3
159 571 -54
159 573 0
159 547 -54
159 597 -52
160 573 -2
160 596 0
160 598 -50
160 572 0
160 599 -50
161 579 -9
161 600 -57
161 581 -61
161 553 0
161 601 -57
162 602 -14
162 603 -62
162 583 -66
162 555 -66
162 604 -62
163 584 -19
163 583 -66
163 582 0
164 605 -20
164 606 0
164 562 -72
164 607 -68
165 606 -18
165 605 0
165 608 0
165 609 -70
165 610 0
166 608 -17
166 606 0
166 611 -65
167 612 -10
167 590 -62
167 613 0
167 567 -62
167 614 0
168 613 -9
168 612 0
168 593 0
168 592 -60
168 615 -57
169 593 -7
169 613 0
169 616 -56
169 591 0
169 617 0
170 618 -3
170 595 -54
170 597 -52
170 571 -54
170 619 -52
171 620 0
171 599 -50
171 598 -50
171 621 -48
172 622 -6
172 623 -54
172 601 -57
172 600 -57
172 624 -54
173 625 -9
173 601 -57
173 626 -61
173 581 -61
173 627 -57
174 628 -14
174 604 -62
174 583 -66
175 629 -39
175 630 -85
175 631 0
175 587 -86
175 632 -92
176 631 -36
176 629 0
176 588 -83
176 633 -88
177 610 -17
177 607 -68
177 611 -65
177 606 0
177 634 -65
178 614 -9
178 615 -57
178 612 0
179 617 -6
179 615 -57
179 635 -54
179 593 0
179 636 -54
180 637 -3
180 635 -54
180 619 -52
180 595 -54
180 638 -52
181 639 0
181 619 -52
181 640 -49
181 597 -52
181 641 -49
182 642 -6
182 624 -54
182 627 -57
182 601 -57
182 643 -54
183 644 -9
183 627 -57
183 645 -61
183 626 -61
183 646 -57
184 647 -37
184 648 -84
184 632 -92
184 630 -85
184 649 -90
185 650 -12
185 651 -63
185 652 -60
185 653 -63
185 654 -60
186 655 -6
186 636 -54
186 615 -57
187 656 -3
187 636 -54
187 638 -52
187 635 -54
187 657 -52
188 658 -6
188 643 -54
188 646 -57
188 627 -57
188 659 -54
189 660 -45
189 649 -90
189 661 -91
189 632 -92
189 662 -99
190 663 -14
190 664 -63
190 665 -66
190 666 -63
191 667 -12
191 664 -63
191 654 -60
191 651 -63
191 668 0
192 669 -9
192 654 -60
192 670 -58
192 652 -60
192 671 0
193 672 -3
193 657 -52
193 636 -54
194 673 0
194 657 -52
194 674 -49
194 638 -52
194 675 -49
195 676 -3
195 677 -52
195 659 -54
195 643 -54
195 678 -52
196 679 -44
196 680 -89
196 662 -99
196 649 -90
196 681 -98
197 682 -44
197 662 -99
197 661 -91
197 683 -98
198 684 -12
198 666 -63
198 668 0
198 664 -63
198 685 0
199 668 -10
199 684 0
199 686 -59
199 667 0
199 687 -59
200 671 -8
200 686 -59
200 688 -57
200 669 0
200 689 -57
201 690 0
201 675 -49
201 657 -52
202 691 -43
202 692 -88
202 681 -98
202 680 -89
202 693 -97
203 694 -54
