42 59
0 4 -2872
0 5 -3115
0 6 -3056
0 7 -3200
0 8 -2847
1 9 -2642
1 10 -2703
1 11 -2965
1 12 -2620
2 13 -2473
2 14 -2561
2 15 -2682
2 16 -2790
2 17 -2455
3 18 -2291
3 19 -2479
3 17 -2455
3 14 -2561
3 20 -2620
21 25 -2872
21 26 -3115
21 27 -3056
21 28 -3200
21 29 -2847
22 30 -2642
22 31 -2703
22 32 -2965
22 33 -2620
23 34 -2473
23 35 -2561
23 36 -2682
23 37 -2790
23 38 -2455
24 39 -2291
24 40 -2479
24 38 -2455
24 35 -2561
24 41 -2620
0 21 0
1 22 0
2 23 0
3 24 0
4 25 0
5 26 0
6 27 0
7 28 0
8 29 0
9 30 0
10 31 0
11 32 0
12 33 0
13 34 0
14 35 0
15 36 0
16 37 0
17 38 0
18 39 0
19 40 0
20 41 0
