42 59
0 4 -249
0 5 -442
0 6 -446
0 7 -637
0 8 -461
1 9 -404
1 10 -646
1 8 -461
1 5 -442
1 11 -666
2 12 -434
2 13 -487
2 14 -472
2 15 -697
3 16 -477
3 17 -714
3 18 -725
3 19 -513
3 20 -742
21 25 -249
21 26 -442
21 27 -446
21 28 -637
21 29 -461
22 30 -404
22 31 -646
22 29 -461
22 26 -442
22 32 -666
23 33 -434
23 34 -487
23 35 -472
23 36 -697
24 37 -477
24 38 -714
24 39 -725
24 40 -513
24 41 -742
0 21 0
1 22 0
2 23 0
3 24 0
4 25 0
5 26 0
6 27 0
7 28 0
8 29 0
9 30 0
10 31 0
11 32 0
12 33 0
13 34 0
14 35 0
15 36 0
16 37 0
17 38 0
18 39 0
19 40 0
20 41 0
