996 1928
0 143 -1
0 144 -10
0 145 -10
0 146 1000
0 147 -10
1 148 -1
1 145 -10
1 149 -10
1 150 1000
1 151 -10
2 152 -1
2 149 -10
2 153 -10
2 154 1000
2 155 -10
3 156 -1
3 153 -10
3 157 -10
3 158 1000
3 159 -10
4 160 -1
4 157 -10
4 161 -10
4 162 1000
4 163 -10
5 164 -1
5 161 -10
5 165 -10
5 166 1000
5 167 1000
6 168 -1
6 147 -10
6 151 -10
6 145 -10
6 169 -10
7 170 -1
7 151 -10
7 155 -10
7 149 -10
7 171 -10
8 172 -1
8 155 -10
8 159 -10
8 153 -10
8 173 -10
9 174 -1
9 159 -10
9 163 -10
9 157 -10
9 175 -10
10 176 -1
10 163 -10
10 167 1000
10 161 -10
10 177 -10
11 178 -1
11 167 1000
11 179 1000
11 165 -10
11 180 -10
12 181 -1
12 182 1000
12 183 1000
12 184 1000
12 185 -10
13 186 -1
13 169 -10
13 171 -10
13 151 -10
13 187 -10
14 188 -1
14 171 -10
14 173 -10
14 155 -10
14 189 -10
15 190 -1
15 173 -10
15 175 -10
15 159 -10
15 191 -10
16 192 -1
16 175 -10
16 177 -10
16 163 -10
16 193 -10
17 194 -1
17 177 -10
17 180 -10
17 167 1000
17 195 -10
18 196 -1
18 197 1000
18 185 -10
18 182 1000
18 198 -10
19 199 -1
19 187 -10
19 189 -10
19 171 -10
19 200 -10
20 201 -1
20 189 -10
20 191 -10
20 173 -10
20 202 -10
21 203 -1
21 191 -10
21 193 -10
21 175 -10
21 204 -10
22 205 -1
22 193 -10
22 195 -10
22 177 -10
22 206 -10
23 207 -1
23 208 1000
23 198 -10
23 197 1000
23 209 -10
24 210 -1
24 198 -10
24 211 1000
24 185 -10
24 212 -10
25 213 -1
25 200 -10
25 202 -10
25 189 -10
25 214 -10
26 215 -1
26 202 -10
26 204 -10
26 191 -10
26 216 -10
27 217 -1
27 204 -10
27 206 -10
27 193 -10
27 218 -10
28 219 -1
28 206 -10
28 220 -10
28 195 -10
28 221 -10
29 222 -1
29 223 1000
29 209 -10
29 208 1000
29 224 -10
30 225 -1
30 209 -10
30 212 -10
30 198 -10
30 226 -10
31 227 -1
31 214 -10
31 216 -10
31 202 -10
31 228 50
32 229 -1
32 216 -10
32 218 -10
32 204 -10
32 230 -10
33 231 -1
33 218 -10
33 221 -10
33 206 -10
33 232 -10
34 233 -1
34 221 -10
34 234 1000
34 220 -10
34 235 -10
35 236 -1
35 237 1000
35 224 -10
35 223 1000
35 238 -10
36 239 -1
36 224 -10
36 226 -10
36 209 -10
36 240 -10
37 241 -1
37 226 -10
37 242 1000
37 212 -10
37 243 -10
38 228 -1
38 244 1000
38 245 50
38 227 50
38 246 1000
39 245 -1
39 228 50
39 230 -10
39 216 -10
39 247 -10
40 248 -1
40 230 -10
40 232 -10
40 218 -10
40 249 -10
41 250 -1
41 232 -10
41 235 -10
41 221 -10
41 251 -10
42 252 -1
42 253 1000
42 238 -10
42 237 1000
42 254 -10
43 255 -1
43 238 -10
43 240 -10
43 224 -10
43 256 -10
44 257 -1
44 240 -10
44 243 -10
44 226 -10
44 258 -10
45 259 -1
45 247 -10
45 249 -10
45 230 -10
45 260 -10
46 261 -1
46 249 -10
46 251 -10
46 232 -10
46 262 -10
47 263 -1
47 251 -10
47 264 1000
47 235 -10
47 265 -10
48 266 -1
48 267 1000
48 254 -10
48 253 1000
48 268 -10
49 269 -1
49 254 -10
49 256 -10
49 238 -10
49 270 -10
50 271 -1
50 256 -10
50 258 -10
50 240 -10
50 272 -10
51 273 -1
51 258 -10
51 274 1000
51 243 -10
51 275 -10
52 276 -1
52 260 -10
52 262 -10
52 249 -10
52 277 50
53 278 -1
53 262 -10
53 265 -10
53 251 -10
53 279 -10
54 280 -1
54 281 1000
54 268 -10
54 267 1000
54 282 -10
55 283 -1
55 268 -10
55 270 -10
55 254 -10
55 284 -10
56 285 -1
56 270 -10
56 272 -10
56 256 -10
56 286 -10
57 287 -1
57 272 -10
57 275 -10
57 258 -10
57 288 -10
58 277 -1
58 289 1000
58 290 50
58 276 50
58 291 1000
59 290 -1
59 277 50
59 279 -10
59 262 -10
59 292 50
60 293 -1
60 279 -10
60 294 1000
60 265 -10
60 295 -10
61 296 -1
61 297 1000
61 282 -10
61 281 1000
61 298 -10
62 299 -1
62 282 -10
62 284 -10
62 268 -10
62 300 -10
63 301 -1
63 284 -10
63 286 -10
63 270 -10
63 302 -10
64 303 -1
64 286 -10
64 288 -10
64 272 -10
64 304 -10
65 305 -1
65 288 -10
65 306 1000
65 275 -10
65 307 -10
66 292 -1
66 291 1000
66 308 50
66 290 50
66 309 1000
67 308 -1
67 292 50
67 295 -10
67 279 -10
67 310 -10
68 311 -1
68 312 1000
68 298 -10
68 297 1000
68 313 -10
69 314 -1
69 298 -10
69 300 -10
69 282 -10
69 315 -10
70 316 -1
70 300 -10
70 302 -10
70 284 -10
70 317 -10
71 318 -1
71 302 -10
71 304 -10
71 286 -10
71 319 -10
72 320 -1
72 304 -10
72 307 -10
72 288 -10
72 321 -10
73 322 -1
73 323 -10
73 324 -10
73 325 -10
73 326 1000
74 327 -1
74 328 -10
74 329 -10
74 330 -10
74 331 -10
75 332 -1
75 329 -10
75 333 -10
75 334 -10
75 335 -10
76 336 -1
76 333 -10
76 337 -10
76 338 -10
76 339 -10
77 340 -1
77 310 -10
77 341 1000
77 295 -10
77 342 -10
78 343 -1
78 344 1000
78 313 -10
78 312 1000
78 345 -10
79 346 -1
79 313 -10
79 315 -10
79 298 -10
79 347 -10
80 348 -1
80 315 -10
80 317 -10
80 300 -10
80 349 -10
81 350 -1
81 317 -10
81 319 -10
81 302 -10
81 351 -10
82 352 -1
82 319 -10
82 321 -10
82 304 -10
82 353 -10
83 354 -1
83 321 -10
83 355 1000
83 307 -10
83 356 -10
84 357 -1
84 358 1000
84 326 1000
84 323 -10
84 359 -10
85 360 -1
85 326 1000
85 361 -10
85 324 -10
85 362 -10
86 363 -1
86 361 -10
86 331 -10
86 328 -10
86 364 -10
87 365 -1
87 331 -10
87 335 -10
87 329 -10
87 366 -10
88 367 -1
88 335 -10
88 339 -10
88 333 -10
88 368 -10
89 369 -1
89 339 -10
89 370 -10
89 337 -10
89 371 -10
90 372 -1
90 370 -10
90 342 -10
90 310 -10
90 373 -10
91 374 -1
91 342 -10
91 375 -10
91 341 1000
91 376 -10
92 377 -1
92 375 -10
92 378 -10
92 379 -10
92 380 -10
93 381 -1
93 378 -10
93 345 -10
93 344 1000
93 382 -10
94 383 -1
94 345 -10
94 347 -10
94 313 -10
94 384 -10
95 385 -1
95 347 -10
95 349 -10
95 315 -10
95 386 -10
96 387 -1
96 349 -10
96 351 -10
96 317 -10
96 388 -10
97 389 -1
97 351 -10
97 353 -10
97 319 -10
97 390 50
98 391 1000
98 353 -10
98 356 -10
98 321 -10
98 392 50
99 393 -1
99 359 -10
99 362 -10
99 326 1000
99 394 1000
100 395 -1
100 362 -10
100 364 -10
100 361 -10
100 396 1000
101 397 -1
101 364 -10
101 366 -10
101 331 -10
101 398 1000
102 399 -1
102 366 -10
102 368 -10
102 335 -10
102 400 1000
103 401 -1
103 368 -10
103 371 -10
103 339 -10
103 402 1000
104 403 -1
104 371 -10
104 373 -10
104 370 -10
104 404 1000
105 405 -1
105 376 -10
105 380 -10
105 375 -10
105 406 -10
106 407 -1
106 380 -10
106 382 -10
106 378 -10
106 408 -10
107 409 -1
107 382 -10
107 384 -10
107 345 -10
107 410 1000
108 411 -1
108 384 -10
108 386 -10
108 347 -10
108 412 1000
109 413 -1
109 386 -10
109 388 -10
109 349 -10
109 414 1000
110 415 -1
110 388 -10
110 390 50
110 351 -10
110 416 1000
111 390 -1
111 415 50
111 417 50
111 389 50
111 418 1000
112 417 -1
112 390 50
112 392 50
112 353 -10
112 419 1000
113 392 -1
113 417 50
113 420 50
113 391 1000
113 421 1000
114 420 -1
114 392 50
114 422 1000
114 356 -10
114 423 1000
115 424 -1
115 404 1000
115 425 -10
115 373 -10
115 426 -10
116 427 -1
116 425 -10
116 406 -10
116 376 -10
116 428 -10
117 429 -1
117 406 -10
117 408 -10
117 380 -10
117 430 -10
118 431 -1
118 426 -10
118 428 -10
118 425 -10
118 432 -10
119 433 -1
119 428 -10
119 430 -10
119 406 -10
119 434 -10
120 435 -1
120 430 -10
120 436 1000
120 408 -10
120 437 -10
121 438 -1
121 439 1000
121 440 -10
121 441 1000
121 442 -10
122 443 -1
122 440 -10
122 444 -10
122 445 1000
122 446 -10
123 447 -1
123 444 -10
123 448 -10
123 449 1000
123 450 -10
124 451 -1
124 448 -10
124 452 -10
124 453 1000
124 454 -10
125 455 -1
125 452 -10
125 456 -10
125 457 1000
125 458 -10
126 459 -1
126 456 -10
126 460 -10
126 461 1000
126 462 -10
127 463 -1
127 460 -10
127 432 -10
127 426 -10
127 464 -10
128 465 -1
128 432 -10
128 434 -10
128 428 -10
128 466 -10
129 467 -1
129 434 -10
129 437 -10
129 430 -10
129 468 -10
130 469 1000
130 442 -10
130 446 -10
130 440 -10
130 470 -10
131 471 -1
131 446 -10
131 450 -10
131 444 -10
131 472 -10
132 473 -1
132 450 -10
132 454 -10
132 448 -10
132 474 -10
133 475 -1
133 454 -10
133 458 -10
133 452 -10
133 476 -10
134 477 -1
134 458 -10
134 462 -10
134 456 -10
134 478 -10
135 479 -1
135 462 -10
135 464 -10
135 460 -10
135 480 1000
136 481 -1
136 464 -10
136 466 -10
136 432 -10
136 482 -10
137 483 -1
137 466 -10
137 468 -10
137 434 -10
137 484 1000
138 485 -1
138 468 -10
138 486 -10
138 437 -10
138 487 -10
139 488 -1
139 489 1000
139 470 -10
139 442 -10
139 490 -10
140 491 -1
140 480 1000
140 482 -10
140 464 -10
140 492 -10
141 493 -1
141 484 1000
141 487 -10
141 468 -10
141 494 -10
142 495 -1
142 496 1000
142 492 -10
142 480 1000
142 497 -10
498 641 -1
498 642 -10
498 643 -10
498 644 1000
498 645 -10
499 646 -1
499 643 -10
499 647 -10
499 648 1000
499 649 -10
500 650 -1
500 647 -10
500 651 -10
500 652 1000
500 653 -10
501 654 -1
501 651 -10
501 655 -10
501 656 1000
501 657 -10
502 658 -1
502 655 -10
502 659 -10
502 660 1000
502 661 -10
503 662 -1
503 659 -10
503 663 -10
503 664 1000
503 665 1000
504 666 -1
504 645 -10
504 649 -10
504 643 -10
504 667 -10
505 668 -1
505 649 -10
505 653 -10
505 647 -10
505 669 -10
506 670 -1
506 653 -10
506 657 -10
506 651 -10
506 671 -10
507 672 -1
507 657 -10
507 661 -10
507 655 -10
507 673 -10
508 674 -1
508 661 -10
508 665 1000
508 659 -10
508 675 -10
509 676 -1
509 665 1000
509 677 1000
509 663 -10
509 678 -10
510 679 -1
510 680 1000
510 681 1000
510 682 1000
510 683 -10
511 684 -1
511 667 -10
511 669 -10
511 649 -10
511 685 -10
512 686 -1
512 669 -10
512 671 -10
512 653 -10
512 687 -10
513 688 -1
513 671 -10
513 673 -10
513 657 -10
513 689 -10
514 690 -1
514 673 -10
514 675 -10
514 661 -10
514 691 -10
515 692 -1
515 675 -10
515 678 -10
515 665 1000
515 693 -10
516 694 -1
516 695 1000
516 683 -10
516 680 1000
516 696 -10
517 697 -1
517 685 -10
517 687 -10
517 669 -10
517 698 -10
518 699 -1
518 687 -10
518 689 -10
518 671 -10
518 700 -10
519 701 -1
519 689 -10
519 691 -10
519 673 -10
519 702 -10
520 703 -1
520 691 -10
520 693 -10
520 675 -10
520 704 -10
521 705 -1
521 706 1000
521 696 -10
521 695 1000
521 707 -10
522 708 -1
522 696 -10
522 709 1000
522 683 -10
522 710 -10
523 711 -1
523 698 -10
523 700 -10
523 687 -10
523 712 -10
524 713 -1
524 700 -10
524 702 -10
524 689 -10
524 714 -10
525 715 -1
525 702 -10
525 704 -10
525 691 -10
525 716 -10
526 717 -1
526 704 -10
526 718 -10
526 693 -10
526 719 -10
527 720 -1
527 721 1000
527 707 -10
527 706 1000
527 722 -10
528 723 -1
528 707 -10
528 710 -10
528 696 -10
528 724 -10
529 725 -1
529 712 -10
529 714 -10
529 700 -10
529 726 50
530 727 -1
530 714 -10
530 716 -10
530 702 -10
530 728 -10
531 729 -1
531 716 -10
531 719 -10
531 704 -10
531 730 -10
532 731 -1
532 719 -10
532 732 1000
532 718 -10
532 733 -10
533 734 -1
533 735 1000
533 722 -10
533 721 1000
533 736 -10
534 737 -1
534 722 -10
534 724 -10
534 707 -10
534 738 -10
535 739 -1
535 724 -10
535 740 1000
535 710 -10
535 741 -10
536 726 -1
536 742 1000
536 743 50
536 725 50
536 744 1000
537 743 -1
537 726 50
537 728 -10
537 714 -10
537 745 -10
538 746 -1
538 728 -10
538 730 -10
538 716 -10
538 747 -10
539 748 -1
539 730 -10
539 733 -10
539 719 -10
539 749 -10
540 750 -1
540 751 1000
540 736 -10
540 735 1000
540 752 -10
541 753 -1
541 736 -10
541 738 -10
541 722 -10
541 754 -10
542 755 -1
542 738 -10
542 741 -10
542 724 -10
542 756 -10
543 757 -1
543 745 -10
543 747 -10
543 728 -10
543 758 -10
544 759 -1
544 747 -10
544 749 -10
544 730 -10
544 760 -10
545 761 -1
545 749 -10
545 762 1000
545 733 -10
545 763 -10
546 764 -1
546 765 1000
546 752 -10
546 751 1000
546 766 -10
547 767 -1
547 752 -10
547 754 -10
547 736 -10
547 768 -10
548 769 -1
548 754 -10
548 756 -10
548 738 -10
548 770 -10
549 771 -1
549 756 -10
549 772 1000
549 741 -10
549 773 -10
550 774 -1
550 758 -10
550 760 -10
550 747 -10
550 775 50
551 776 -1
551 760 -10
551 763 -10
551 749 -10
551 777 -10
552 778 -1
552 779 1000
552 766 -10
552 765 1000
552 780 -10
553 781 -1
553 766 -10
553 768 -10
553 752 -10
553 782 -10
554 783 -1
554 768 -10
554 770 -10
554 754 -10
554 784 -10
555 785 -1
555 770 -10
555 773 -10
555 756 -10
555 786 -10
556 775 -1
556 787 1000
556 788 50
556 774 50
556 789 1000
557 788 -1
557 775 50
557 777 -10
557 760 -10
557 790 50
558 791 -1
558 777 -10
558 792 1000
558 763 -10
558 793 -10
559 794 -1
559 795 1000
559 780 -10
559 779 1000
559 796 -10
560 797 -1
560 780 -10
560 782 -10
560 766 -10
560 798 -10
561 799 -1
561 782 -10
561 784 -10
561 768 -10
561 800 -10
562 801 -1
562 784 -10
562 786 -10
562 770 -10
562 802 -10
563 803 -1
563 786 -10
563 804 1000
563 773 -10
563 805 -10
564 790 -1
564 789 1000
564 806 50
564 788 50
564 807 1000
565 806 -1
565 790 50
565 793 -10
565 777 -10
565 808 -10
566 809 -1
566 810 1000
566 796 -10
566 795 1000
566 811 -10
567 812 -1
567 796 -10
567 798 -10
567 780 -10
567 813 -10
568 814 -1
568 798 -10
568 800 -10
568 782 -10
568 815 -10
569 816 -1
569 800 -10
569 802 -10
569 784 -10
569 817 -10
570 818 -1
570 802 -10
570 805 -10
570 786 -10
570 819 -10
571 820 -1
571 821 -10
571 822 -10
571 823 -10
571 824 1000
572 825 -1
572 826 -10
572 827 -10
572 828 -10
572 829 -10
573 830 -1
573 827 -10
573 831 -10
573 832 -10
573 833 -10
574 834 -1
574 831 -10
574 835 -10
574 836 -10
574 837 -10
575 838 -1
575 808 -10
575 839 1000
575 793 -10
575 840 -10
576 841 -1
576 842 1000
576 811 -10
576 810 1000
576 843 -10
577 844 -1
577 811 -10
577 813 -10
577 796 -10
577 845 -10
578 846 -1
578 813 -10
578 815 -10
578 798 -10
578 847 -10
579 848 -1
579 815 -10
579 817 -10
579 800 -10
579 849 -10
580 850 -1
580 817 -10
580 819 -10
580 802 -10
580 851 -10
581 852 -1
581 819 -10
581 853 1000
581 805 -10
581 854 -10
582 855 -1
582 856 1000
582 824 1000
582 821 -10
582 857 -10
583 858 -1
583 824 1000
583 859 -10
583 822 -10
583 860 -10
584 861 -1
584 859 -10
584 829 -10
584 826 -10
584 862 -10
585 863 -1
585 829 -10
585 833 -10
585 827 -10
585 864 -10
586 865 -1
586 833 -10
586 837 -10
586 831 -10
586 866 -10
587 867 -1
587 837 -10
587 868 -10
587 835 -10
587 869 -10
588 870 -1
588 868 -10
588 840 -10
588 808 -10
588 871 -10
589 872 -1
589 840 -10
589 873 -10
589 839 1000
589 874 -10
590 875 -1
590 873 -10
590 876 -10
590 877 -10
590 878 -10
591 879 -1
591 876 -10
591 843 -10
591 842 1000
591 880 -10
592 881 -1
592 843 -10
592 845 -10
592 811 -10
592 882 -10
593 883 -1
593 845 -10
593 847 -10
593 813 -10
593 884 -10
594 885 -1
594 847 -10
594 849 -10
594 815 -10
594 886 -10
595 887 -1
595 849 -10
595 851 -10
595 817 -10
595 888 50
596 889 1000
596 851 -10
596 854 -10
596 819 -10
596 890 50
597 891 -1
597 857 -10
597 860 -10
597 824 1000
597 892 1000
598 893 -1
598 860 -10
598 862 -10
598 859 -10
598 894 1000
599 895 -1
599 862 -10
599 864 -10
599 829 -10
599 896 1000
600 897 -1
600 864 -10
600 866 -10
600 833 -10
600 898 1000
601 899 -1
601 866 -10
601 869 -10
601 837 -10
601 900 1000
602 901 -1
602 869 -10
602 871 -10
602 868 -10
602 902 1000
603 903 -1
603 874 -10
603 878 -10
603 873 -10
603 904 -10
604 905 -1
604 878 -10
604 880 -10
604 876 -10
604 906 -10
605 907 -1
605 880 -10
605 882 -10
605 843 -10
605 908 1000
606 909 -1
606 882 -10
606 884 -10
606 845 -10
606 910 1000
607 911 -1
607 884 -10
607 886 -10
607 847 -10
607 912 1000
608 913 -1
608 886 -10
608 888 50
608 849 -10
608 914 1000
609 888 -1
609 913 50
609 915 50
609 887 50
609 916 1000
610 915 -1
610 888 50
610 890 50
610 851 -10
610 917 1000
611 890 -1
611 915 50
611 918 50
611 889 1000
611 919 1000
612 918 -1
612 890 50
612 920 1000
612 854 -10
612 921 1000
613 922 -1
613 902 1000
613 923 -10
613 871 -10
613 924 -10
614 925 -1
614 923 -10
614 904 -10
614 874 -10
614 926 -10
615 927 -1
615 904 -10
615 906 -10
615 878 -10
615 928 -10
616 929 -1
616 924 -10
616 926 -10
616 923 -10
616 930 -10
617 931 -1
617 926 -10
617 928 -10
617 904 -10
617 932 -10
618 933 -1
618 928 -10
618 934 1000
618 906 -10
618 935 -10
619 936 -1
619 937 1000
619 938 -10
619 939 1000
619 940 -10
620 941 -1
620 938 -10
620 942 -10
620 943 1000
620 944 -10
621 945 -1
621 942 -10
621 946 -10
621 947 1000
621 948 -10
622 949 -1
622 946 -10
622 950 -10
622 951 1000
622 952 -10
623 953 -1
623 950 -10
623 954 -10
623 955 1000
623 956 -10
624 957 -1
624 954 -10
624 958 -10
624 959 1000
624 960 -10
625 961 -1
625 958 -10
625 930 -10
625 924 -10
625 962 -10
626 963 -1
626 930 -10
626 932 -10
626 926 -10
626 964 -10
627 965 -1
627 932 -10
627 935 -10
627 928 -10
627 966 -10
628 967 1000
628 940 -10
628 944 -10
628 938 -10
628 968 -10
629 969 -1
629 944 -10
629 948 -10
629 942 -10
629 970 -10
630 971 -1
630 948 -10
630 952 -10
630 946 -10
630 972 -10
631 973 -1
631 952 -10
631 956 -10
631 950 -10
631 974 -10
632 975 -1
632 956 -10
632 960 -10
632 954 -10
632 976 -10
633 977 -1
633 960 -10
633 962 -10
633 958 -10
633 978 1000
634 979 -1
634 962 -10
634 964 -10
634 930 -10
634 980 -10
635 981 -1
635 964 -10
635 966 -10
635 932 -10
635 982 1000
636 983 -1
636 966 -10
636 984 -10
636 935 -10
636 985 -10
637 986 -1
637 987 1000
637 968 -10
637 940 -10
637 988 -10
638 989 -1
638 978 1000
638 980 -10
638 962 -10
638 990 -10
639 991 -1
639 982 1000
639 985 -10
639 966 -10
639 992 -10
640 993 -1
640 994 1000
640 990 -10
640 978 1000
640 995 -10
0 498 0
1 499 0
2 500 0
3 501 0
4 502 0
5 503 0
6 504 0
7 505 0
8 506 0
9 507 0
10 508 0
11 509 0
12 510 0
13 511 0
14 512 0
15 513 0
16 514 0
17 515 0
18 516 0
19 517 0
20 518 0
21 519 0
22 520 0
23 521 0
24 522 0
25 523 0
26 524 0
27 525 0
28 526 0
29 527 0
30 528 0
31 529 0
32 530 0
33 531 0
34 532 0
35 533 0
36 534 0
37 535 0
38 536 0
39 537 0
40 538 0
41 539 0
42 540 0
43 541 0
44 542 0
45 543 0
46 544 0
47 545 0
48 546 0
49 547 0
50 548 0
51 549 0
52 550 0
53 551 0
54 552 0
55 553 0
56 554 0
57 555 0
58 556 0
59 557 0
60 558 0
61 559 0
62 560 0
63 561 0
64 562 0
65 563 0
66 564 0
67 565 0
68 566 0
69 567 0
70 568 0
71 569 0
72 570 0
73 571 0
74 572 0
75 573 0
76 574 0
77 575 0
78 576 0
79 577 0
80 578 0
81 579 0
82 580 0
83 581 0
84 582 0
85 583 0
86 584 0
87 585 0
88 586 0
89 587 0
90 588 0
91 589 0
92 590 0
93 591 0
94 592 0
95 593 0
96 594 0
97 595 0
98 596 0
99 597 0
100 598 0
101 599 0
102 600 0
103 601 0
104 602 0
105 603 0
106 604 0
107 605 0
108 606 0
109 607 0
110 608 0
111 609 0
112 610 0
113 611 0
114 612 0
115 613 0
116 614 0
117 615 0
118 616 0
119 617 0
120 618 0
121 619 0
122 620 0
123 621 0
124 622 0
125 623 0
126 624 0
127 625 0
128 626 0
129 627 0
130 628 0
131 629 0
132 630 0
133 631 0
134 632 0
135 633 0
136 634 0
137 635 0
138 636 0
139 637 0
140 638 0
141 639 0
142 640 0
143 641 0
144 642 0
145 643 0
146 644 0
147 645 0
148 646 0
149 647 0
150 648 0
151 649 0
152 650 0
153 651 0
154 652 0
155 653 0
156 654 0
157 655 0
158 656 0
159 657 0
160 658 0
161 659 0
162 660 0
163 661 0
164 662 0
165 663 0
166 664 0
167 665 0
168 666 0
169 667 0
170 668 0
171 669 0
172 670 0
173 671 0
174 672 0
175 673 0
176 674 0
177 675 0
178 676 0
179 677 0
180 678 0
181 679 0
182 680 0
183 681 0
184 682 0
185 683 0
186 684 0
187 685 0
188 686 0
189 687 0
190 688 0
191 689 0
192 690 0
193 691 0
194 692 0
195 693 0
196 694 0
197 695 0
198 696 0
199 697 0
200 698 0
201 699 0
202 700 0
203 701 0
204 702 0
205 703 0
206 704 0
207 705 0
208 706 0
209 707 0
210 708 0
211 709 0
212 710 0
213 711 0
214 712 0
215 713 0
216 714 0
217 715 0
218 716 0
219 717 0
220 718 0
221 719 0
222 720 0
223 721 0
224 722 0
225 723 0
226 724 0
227 725 0
228 726 0
229 727 0
230 728 0
231 729 0
232 730 0
233 731 0
234 732 0
235 733 0
236 734 0
237 735 0
238 736 0
239 737 0
240 738 0
241 739 0
242 740 0
243 741 0
244 742 0
245 743 0
246 744 0
247 745 0
248 746 0
249 747 0
250 748 0
251 749 0
252 750 0
253 751 0
254 752 0
255 753 0
256 754 0
257 755 0
258 756 0
259 757 0
260 758 0
261 759 0
262 760 0
263 761 0
264 762 0
265 763 0
266 764 0
267 765 0
268 766 0
269 767 0
270 768 0
271 769 0
272 770 0
273 771 0
274 772 0
275 773 0
276 774 0
277 775 0
278 776 0
279 777 0
280 778 0
281 779 0
282 780 0
283 781 0
284 782 0
285 783 0
286 784 0
287 785 0
288 786 0
289 787 0
290 788 0
291 789 0
292 790 0
293 791 0
294 792 0
295 793 0
296 794 0
297 795 0
298 796 0
299 797 0
300 798 0
301 799 0
302 800 0
303 801 0
304 802 0
305 803 0
306 804 0
307 805 0
308 806 0
309 807 0
310 808 0
311 809 0
312 810 0
313 811 0
314 812 0
315 813 0
316 814 0
317 815 0
318 816 0
319 817 0
320 818 0
321 819 0
322 820 0
323 821 0
324 822 0
325 823 0
326 824 0
327 825 0
328 826 0
329 827 0
330 828 0
331 829 0
332 830 0
333 831 0
334 832 0
335 833 0
336 834 0
337 835 0
338 836 0
339 837 0
340 838 0
341 839 0
342 840 0
343 841 0
344 842 0
345 843 0
346 844 0
347 845 0
348 846 0
349 847 0
350 848 0
351 849 0
352 850 0
353 851 0
354 852 0
355 853 0
356 854 0
357 855 0
358 856 0
359 857 0
360 858 0
361 859 0
362 860 0
363 861 0
364 862 0
365 863 0
366 864 0
367 865 0
368 866 0
369 867 0
370 868 0
371 869 0
372 870 0
373 871 0
374 872 0
375 873 0
376 874 0
377 875 0
378 876 0
379 877 0
380 878 0
381 879 0
382 880 0
383 881 0
384 882 0
385 883 0
386 884 0
387 885 0
388 886 0
389 887 0
390 888 0
391 889 0
392 890 0
393 891 0
394 892 0
395 893 0
396 894 0
397 895 0
398 896 0
399 897 0
400 898 0
401 899 0
402 900 0
403 901 0
404 902 0
405 903 0
406 904 0
407 905 0
408 906 0
409 907 0
410 908 0
411 909 0
412 910 0
413 911 0
414 912 0
415 913 0
416 914 0
417 915 0
418 916 0
419 917 0
420 918 0
421 919 0
422 920 0
423 921 0
424 922 0
425 923 0
426 924 0
427 925 0
428 926 0
429 927 0
430 928 0
431 929 0
432 930 0
433 931 0
434 932 0
435 933 0
436 934 0
437 935 0
438 936 0
439 937 0
440 938 0
441 939 0
442 940 0
443 941 0
444 942 0
445 943 0
446 944 0
447 945 0
448 946 0
449 947 0
450 948 0
451 949 0
452 950 0
453 951 0
454 952 0
455 953 0
456 954 0
457 955 0
458 956 0
459 957 0
460 958 0
461 959 0
462 960 0
463 961 0
464 962 0
465 963 0
466 964 0
467 965 0
468 966 0
469 967 0
470 968 0
471 969 0
472 970 0
473 971 0
474 972 0
475 973 0
476 974 0
477 975 0
478 976 0
479 977 0
480 978 0
481 979 0
482 980 0
483 981 0
484 982 0
485 983 0
486 984 0
487 985 0
488 986 0
489 987 0
490 988 0
491 989 0
492 990 0
493 991 0
494 992 0
495 993 0
496 994 0
497 995 0
