60 200
1 5 6
1 14 7
1 15 10
1 19 3
1 23 5
1 44 5
1 45 5
1 50 9
1 52 8
2 19 6
2 21 6
2 34 8
2 41 10
2 53 3
3 10 7
3 12 4
3 41 6
3 50 9
3 56 5
4 10 1
4 33 8
4 35 7
4 37 1
4 39 4
4 60 1
5 55 7
5 59 10
5 60 10
6 13 9
6 17 3
6 20 7
6 24 1
6 25 5
6 29 1
6 53 8
6 57 7
7 14 1
7 21 7
7 32 2
7 46 1
7 57 2
8 21 10
8 25 5
8 32 10
8 45 6
8 46 5
8 47 4
8 52 4
8 60 8
9 12 1
9 19 4
9 24 3
9 38 10
9 39 3
9 42 4
9 47 10
9 51 5
9 59 7
10 24 1
10 27 10
10 32 3
10 50 6
11 13 2
11 18 7
11 35 1
11 49 6
11 60 2
12 13 1
12 20 6
13 17 3
13 27 3
13 29 8
13 40 6
13 54 4
14 16 6
14 24 5
14 27 10
14 31 3
14 46 3
14 52 5
15 21 3
15 31 8
15 55 7
15 59 10
16 21 3
17 18 10
17 40 4
17 59 5
18 23 9
18 38 7
18 40 1
18 43 2
18 48 3
18 52 7
18 58 7
19 25 8
19 29 2
19 30 1
19 42 3
19 49 9
20 24 5
20 26 5
20 43 3
20 60 2
21 23 7
21 29 10
21 32 8
21 39 2
21 40 6
21 48 10
21 58 10
22 31 1
22 35 10
22 39 9
22 41 1
22 44 9
22 48 10
22 54 2
22 60 3
23 24 1
23 31 8
23 41 3
23 42 2
23 46 5
23 48 1
24 31 6
24 48 4
24 60 5
25 26 4
25 34 10
25 40 7
25 46 2
25 51 10
26 28 5
26 33 6
26 48 7
27 29 9
27 40 2
27 42 2
27 51 6
27 55 1
27 57 6
28 47 1
28 60 9
29 37 5
29 47 7
30 39 9
30 48 8
30 50 10
30 53 5
31 40 8
31 41 5
31 47 9
31 56 2
32 39 1
33 39 3
33 44 10
33 56 10
34 36 1
34 46 5
34 50 9
34 52 2
35 39 7
35 46 6
35 52 5
36 37 8
36 47 2
36 57 10
37 51 3
38 39 10
38 56 9
39 50 6
39 53 10
39 56 5
40 48 8
40 49 1
40 52 2
40 54 3
40 60 2
41 46 10
41 52 1
42 45 3
42 50 10
42 51 6
43 58 3
44 45 10
45 51 5
45 59 8
47 51 9
48 49 4
48 54 5
49 52 8
49 53 10
49 58 10
50 59 10
51 54 1
51 57 8
52 55 7
56 57 1
57 59 8
